12 0.315234375 0.039453125 0.083984375 0.06796875
12 0.525 0.08828125 0.1 0.0734375
12 0.684375 0.091015625 0.0921875 0.06796875
12 0.76171875 0.090234375 0.073046875 0.071875
12 0.662890625 0.146875 0.09453125 0.070703125
12 0.75546875 0.147265625 0.090625 0.069140625
12 0.742578125 0.206640625 0.0921875 0.0734375
12 0.55859375 0.26484375 0.102734375 0.084375
12 0.459765625 0.259375 0.1 0.081640625
12 0.25078125 0.26015625 0.1015625 0.085546875
12 0.124609375 0.262890625 0.09453125 0.080078125
12 0.32265625 0.334375 0.109765625 0.087109375
12 0.44296875 0.335546875 0.10703125 0.087109375
12 0.178515625 0.41171875 0.11640625 0.087109375
12 0.353125 0.415234375 0.08671875 0.096484375
12 0.4546875 0.4171875 0.113671875 0.08984375
12 0.093359375 0.584375 0.108203125 0.105859375
12 0.20078125 0.592578125 0.11484375 0.100390625
12 0.424609375 0.597265625 0.1296875 0.09921875
12 0.3328125 0.701171875 0.1296875 0.100390625
12 0.46328125 0.703125 0.12578125 0.101953125
12 0.450390625 0.81484375 0.13515625 0.1046875
12 0.615625 0.8125 0.12734375 0.100390625
12 0.873828125 0.8015625 0.1 0.105859375
