12 0.134375 0.958203125 0.135546875 0.08359375
12 0.346484375 0.9640625 0.106640625 0.071875
12 0.46953125 0.969140625 0.145703125 0.06171875
12 0.309375 0.865625 0.134375 0.105078125
12 0.456640625 0.869921875 0.13125 0.10234375
12 0.4828125 0.75625 0.125390625 0.105078125
12 0.608984375 0.758203125 0.126953125 0.10078125
12 0.2171875 0.7453125 0.13125 0.109375
12 0.061328125 0.73828125 0.1140625 0.10078125
12 0.842578125 0.64765625 0.1125 0.094921875
12 0.74296875 0.55234375 0.12109375 0.0921875
12 0.8578125 0.550390625 0.1140625 0.093359375
12 0.771875 0.460546875 0.115625 0.094921875
12 0.86875 0.45625 0.0921875 0.10078125
12 0.569140625 0.457421875 0.119921875 0.09765625
12 0.298046875 0.371875 0.10546875 0.087890625
12 0.22265625 0.114453125 0.087890625 0.0703125
12 0.17734375 0.16875 0.091015625 0.070703125
12 0.159375 0.23203125 0.0875 0.0765625
12 0.5171875 0.114453125 0.0890625 0.0703125
12 0.615625 0.116796875 0.09140625 0.07265625
12 0.675 0.067578125 0.065625 0.06484375
12 0.753125 0.02734375 0.077734375 0.0546875
12 0.4875 0.062109375 0.088671875 0.063671875
12 0.502734375 0.02265625 0.083203125 0.044921875
12 0.5828125 0.02265625 0.0796875 0.0453125
12 0.659375 0.023828125 0.075 0.04765625
