21 0.776563 0.698406 0.108125 0.137899
21 0.007500 0.411351 0.015000 0.036586
21 0.008125 0.437617 0.016250 0.042214
21 0.008750 0.260788 0.017500 0.033772
21 0.009375 0.326454 0.018750 0.069418
21 0.012812 0.131801 0.025625 0.042214
21 0.063437 0.209663 0.126875 0.201689
21 0.078750 0.523452 0.157500 0.251407
21 0.179062 0.553940 0.215625 0.278612
21 0.177813 0.337711 0.179375 0.176360
21 0.313125 0.403378 0.203750 0.230769
21 0.366875 0.604128 0.211250 0.287055
21 0.409062 0.269231 0.165625 0.232645
21 0.491563 0.383678 0.174375 0.208255
21 0.527187 0.650093 0.219375 0.294559
21 0.657500 0.302532 0.260000 0.271107
21 0.624375 0.448874 0.191250 0.269231
21 0.714063 0.029549 0.188125 0.059099
21 0.794375 0.602252 0.307500 0.540337
21 0.921250 0.667449 0.156250 0.494371
