21 0.282500 0.847917 0.070000 0.067500
21 0.329688 0.412917 0.063125 0.117500
21 0.398750 0.563750 0.046250 0.119166
21 0.422500 0.351667 0.066250 0.143333
21 0.464062 0.564167 0.048125 0.055000
21 0.489687 0.513750 0.091875 0.132500
21 0.489687 0.836667 0.060625 0.096667
21 0.551875 0.498334 0.040000 0.063333
21 0.574375 0.374167 0.033750 0.066667
21 0.588750 0.744583 0.046250 0.067500
21 0.664062 0.320833 0.086875 0.095000
21 0.660937 0.447084 0.061875 0.075833
21 0.677812 0.614583 0.054375 0.079167
21 0.765625 0.512917 0.048750 0.072500
21 0.916563 0.735000 0.059375 0.071666
21 0.923125 0.061667 0.051250 0.055000
21 0.926562 0.648750 0.016875 0.027500
