18 0.11796875 0.31484375 0.2296875 0.34375
18 0.44375 0.43046875 0.1734375 0.2796875
18 0.3109375 0.7734375 0.2625 0.3734375
18 0.61640625 0.56796875 0.1796875 0.265625
18 0.5015625 0.84609375 0.2 0.3078125
18 0.671875 0.8625 0.2234375 0.271875
18 0.0859375 0.571875 0.171875 0.2890625
18 0.84375 0.89921875 0.15 0.19375
18 0.76484375 0.94140625 0.040625 0.1171875
18 0.7703125 0.73671875 0.2640625 0.2734375
18 0.1375 0.71015625 0.096875 0.196875
18 0.0625 0.5109375 0.0515625 0.140625
18 0.159375 0.52734375 0.146875 0.1859375
18 0.30234375 0.6328125 0.2546875 0.23125
18 0.4921875 0.65390625 0.1796875 0.21875
18 0.82109375 0.55546875 0.121875 0.140625
18 0.7390625 0.41171875 0.11875 0.20625
18 0.62578125 0.415625 0.221875 0.246875
18 0.2890625 0.32265625 0.1734375 0.36875
18 0.6109375 0.225 0.1890625 0.215625
18 0.42109375 0.23671875 0.21875 0.23125
18 0.215625 0.11171875 0.175 0.2234375
18 0.0890625 0.07734375 0.0640625 0.1546875
18 0.340625 0.04453125 0.175 0.0890625
18 0.51640625 0.0625 0.184375 0.125
18 0.74609375 0.56953125 0.0890625 0.14375
