18 0.88515625 0.31796875 0.2296875 0.3515625
18 0.5546875 0.43671875 0.178125 0.2859375
18 0.68984375 0.7875 0.26875 0.38125
18 0.378125 0.57734375 0.184375 0.271875
18 0.4953125 0.85234375 0.2046875 0.2953125
18 0.321875 0.86953125 0.228125 0.259375
18 0.91640625 0.58046875 0.1671875 0.2953125
18 0.1453125 0.9078125 0.153125 0.184375
18 0.22734375 0.94921875 0.0421875 0.1015625
18 0.2203125 0.75 0.2703125 0.2796875
18 0.8671875 0.72265625 0.1 0.2015625
18 0.94375 0.51953125 0.053125 0.14375
18 0.8453125 0.5359375 0.15 0.190625
18 0.69921875 0.64375 0.259375 0.2375
18 0.5046875 0.665625 0.184375 0.2234375
18 0.16875 0.56484375 0.125 0.14375
18 0.25234375 0.41796875 0.121875 0.2109375
18 0.36796875 0.421875 0.2265625 0.253125
18 0.7125 0.3265625 0.178125 0.378125
18 0.38359375 0.2265625 0.19375 0.2203125
18 0.57734375 0.2390625 0.2234375 0.2375
18 0.7875 0.1125 0.178125 0.225
18 0.91796875 0.07734375 0.065625 0.1546875
18 0.659375 0.04375 0.178125 0.0875
18 0.48046875 0.0625 0.1875 0.125
18 0.2453125 0.57890625 0.090625 0.146875
