12 0.10546875 0.3953125 0.11328125 0.1421875
12 0.221875 0.5828125 0.14609375 0.11171875
12 0.23046875 0.49140625 0.134375 0.1359375
12 0.20859375 0.3875 0.1109375 0.11015625
12 0.3265625 0.365625 0.128125 0.13359375
12 0.284375 0.29921875 0.090625 0.07265625
12 0.4640625 0.33984375 0.14453125 0.103125
12 0.41953125 0.265625 0.09765625 0.05625
12 0.54921875 0.25859375 0.1234375 0.10078125
12 0.5890625 0.3984375 0.11875 0.12265625
12 0.65 0.3015625 0.1015625 0.08984375
12 0.73828125 0.33828125 0.125 0.12109375
12 0.8078125 0.3984375 0.11171875 0.08515625
12 0.71484375 0.5625 0.1078125 0.1421875
12 0.74765625 0.4625 0.14375 0.11171875
12 0.3640625 0.53359375 0.1421875 0.11875
12 0.46875 0.45546875 0.11171875 0.13046875
12 0.58125 0.534375 0.14140625 0.12421875
12 0.64375 0.6265625 0.140625 0.134375
12 0.8359375 0.51796875 0.11796875 0.12421875
12 0.8140625 0.646875 0.12890625 0.140625
12 0.72109375 0.7125 0.11171875 0.1578125
12 0.5921875 0.75078125 0.13828125 0.12890625
12 0.44375 0.63515625 0.1375 0.11875
12 0.4453125 0.765625 0.14140625 0.13671875
12 0.29296875 0.74375 0.15234375 0.1453125
12 0.18828125 0.709375 0.12109375 0.13046875
12 0.315625 0.6421875 0.10625 0.11953125
12 0.0953125 0.6109375 0.12109375 0.14140625
12 0.14140625 0.49296875 0.0921875 0.121875
12 0.52890625 0.68125 0.0703125 0.09140625
12 0.47421875 0.5765625 0.121875 0.11875
