12 0.0890625 0.54453125 0.178125 0.35859375
12 0.31328125 0.63046875 0.23515625 0.36328125
12 0.60859375 0.65625 0.27109375 0.3484375
12 0.88671875 0.7453125 0.2265625 0.36015625
12 0.03984375 0.30546875 0.0796875 0.16875
12 0.19453125 0.35703125 0.196875 0.17578125
12 0.415625 0.3984375 0.2265625 0.2
12 0.66484375 0.43203125 0.225 0.20546875
12 0.903125 0.484375 0.19375 0.19375
12 0.12109375 0.20078125 0.1796875 0.121875
12 0.28984375 0.22421875 0.16953125 0.15546875
12 0.47890625 0.25625 0.1984375 0.1484375
12 0.696875 0.284375 0.2015625 0.14765625
12 0.91796875 0.32734375 0.1640625 0.1421875
12 0.21640625 0.1109375 0.1359375 0.0953125
12 0.378125 0.1359375 0.1390625 0.12109375
12 0.553125 0.17421875 0.16328125 0.121875
12 0.74296875 0.1875 0.16875 0.115625
12 0.92734375 0.20078125 0.1453125 0.10859375
12 0.28046875 0.05859375 0.1109375 0.0828125
12 0.44296875 0.07109375 0.1265625 0.10390625
12 0.584375 0.0953125 0.13046875 0.09921875
12 0.76328125 0.10546875 0.14609375 0.08515625
12 0.9375 0.1171875 0.125 0.084375
12 0.35234375 0.034375 0.09453125 0.06875
12 0.478125 0.03671875 0.1015625 0.0734375
12 0.61796875 0.04453125 0.10234375 0.08828125
12 0.7734375 0.0390625 0.140625 0.078125
12 0.9375 0.0421875 0.125 0.084375
