12 0.85 0.6171875 0.134375 0.1390625
12 0.95390625 0.56640625 0.0921875 0.1203125
12 0.82109375 0.46171875 0.14375 0.1125
12 0.9296875 0.41640625 0.1265625 0.1265625
12 0.7765625 0.31484375 0.1296875 0.1375
12 0.89140625 0.27734375 0.125 0.121875
12 0.86484375 0.13359375 0.15 0.125
12 0.8296875 0.028125 0.1546875 0.05625
12 0.7375 0.17421875 0.1421875 0.13125
12 0.690625 0.040625 0.1546875 0.08125
12 0.74375 0.684375 0.134375 0.16875
12 0.6921875 0.51953125 0.1453125 0.1328125
12 0.63984375 0.378125 0.13125 0.121875
12 0.59375 0.22421875 0.15 0.146875
12 0.54921875 0.065625 0.15 0.13125
12 0.61328125 0.7421875 0.15625 0.15
12 0.571875 0.58515625 0.1453125 0.1375
12 0.51328125 0.45078125 0.153125 0.16875
12 0.45625 0.2859375 0.165625 0.1578125
12 0.41171875 0.11015625 0.18125 0.1625
12 0.45859375 0.8234375 0.1625 0.1640625
12 0.40234375 0.665625 0.15625 0.1671875
12 0.34921875 0.503125 0.1875 0.165625
12 0.2953125 0.33203125 0.1734375 0.15625
12 0.24375 0.15546875 0.171875 0.159375
12 0.31953125 0.91171875 0.1828125 0.1703125
12 0.24453125 0.74921875 0.196875 0.16875
12 0.18359375 0.5765625 0.20625 0.1625
12 0.12421875 0.39609375 0.18125 0.178125
12 0.08046875 0.21484375 0.1609375 0.1765625
