17 0.66328125 0.48046875 0.053125 0.23046875
17 0.58828125 0.4953125 0.0546875 0.24296875
17 0.50859375 0.49765625 0.06484375 0.24296875
17 0.66796875 0.58515625 0.0625 0.10625
17 0.58046875 0.59140625 0.065625 0.10859375
17 0.5015625 0.5953125 0.06484375 0.1078125
17 0.1609375 0.64296875 0.3109375 0.6171875
17 0.7140625 0.83671875 0.025 0.17734375
17 0.678125 0.84375 0.03671875 0.209375
17 0.61171875 0.85625 0.0328125 0.2078125
17 0.5484375 0.85625 0.0484375 0.21796875
17 0.7 0.8875 0.021875 0.12109375
17 0.51796875 0.909375 0.03203125 0.0984375
17 0.6578125 0.915625 0.05625 0.09375
