17 0.53984375 0.3296875 0.259375 0.0921875
17 0.54453125 0.41328125 0.271875 0.0953125
17 0.53515625 0.4984375 0.2734375 0.10625
17 0.65390625 0.33984375 0.1234375 0.084375
17 0.646875 0.43515625 0.128125 0.0875
17 0.6390625 0.52109375 0.128125 0.0875
17 0.625 0.84140625 0.678125 0.3171875
17 0.9171875 0.32890625 0.165625 0.0546875
17 0.90859375 0.3671875 0.1828125 0.06875
17 0.9109375 0.440625 0.178125 0.059375
17 0.90390625 0.50859375 0.1921875 0.0796875
17 0.959375 0.35 0.08125 0.0375
17 0.96171875 0.55 0.0765625 0.0453125
17 0.9765625 0.39921875 0.046875 0.0703125
