17 0.3359375 0.52265625 0.0578125 0.2375
17 0.41328125 0.509375 0.0609375 0.25
17 0.49453125 0.50859375 0.0703125 0.25
17 0.33359375 0.415625 0.065625 0.1109375
17 0.42265625 0.41171875 0.06875 0.1125
17 0.503125 0.409375 0.0671875 0.1109375
17 0.84375 0.36640625 0.3125 0.6359375
17 0.29140625 0.15859375 0.028125 0.18125
17 0.328125 0.15234375 0.040625 0.2125
17 0.39609375 0.140625 0.0375 0.2125
17 0.46015625 0.14140625 0.053125 0.2234375
17 0.30625 0.10703125 0.0234375 0.1234375
17 0.4921875 0.08828125 0.034375 0.1
17 0.35 0.0796875 0.059375 0.096875
