12 0.948046875 0.031640625 0.08359375 0.062109375
12 0.79140625 0.03046875 0.087109375 0.0609375
12 0.7125 0.029296875 0.0765625 0.05859375
12 0.638671875 0.030859375 0.078515625 0.061328125
12 0.5609375 0.031640625 0.078125 0.06328125
12 0.81796875 0.07890625 0.087109375 0.06640625
12 0.525390625 0.19453125 0.0921875 0.0734375
12 0.583203125 0.259375 0.0953125 0.07734375
12 0.713671875 0.412890625 0.11015625 0.08984375
12 0.837109375 0.415625 0.11484375 0.087890625
12 0.49296875 0.49921875 0.107421875 0.087890625
12 0.6796875 0.502734375 0.112890625 0.0890625
12 0.617578125 0.700390625 0.130859375 0.104296875
12 0.656640625 0.81484375 0.1328125 0.103125
