12 0.335546875 0.027734375 0.080859375 0.055078125
12 0.422265625 0.025390625 0.077734375 0.05078125
12 0.30078125 0.06875 0.069140625 0.063671875
12 0.412109375 0.06796875 0.078515625 0.062890625
12 0.483203125 0.066796875 0.0640625 0.066015625
12 0.54296875 0.063671875 0.062890625 0.073828125
12 0.758984375 0.1796875 0.06875 0.073828125
12 0.243359375 0.233203125 0.099609375 0.07734375
12 0.585546875 0.304296875 0.100390625 0.077734375
12 0.56875 0.378125 0.103125 0.08125
12 0.787109375 0.46015625 0.09921875 0.083203125
12 0.690625 0.547265625 0.11328125 0.090234375
12 0.798046875 0.5453125 0.104296875 0.0890625
12 0.529296875 0.648046875 0.123828125 0.09296875
12 0.651171875 0.64296875 0.1171875 0.101171875
12 0.765234375 0.641015625 0.1125 0.094921875
12 0.851953125 0.629296875 0.0875 0.1078125
12 0.4828125 0.7515625 0.126171875 0.094140625
12 0.61875 0.749609375 0.118359375 0.09296875
12 0.100390625 0.843359375 0.121875 0.094140625
12 0.0671875 0.95234375 0.12421875 0.0953125
12 0.191796875 0.958203125 0.12578125 0.08359375
12 0.39765625 0.962109375 0.1359375 0.075390625
12 0.51796875 0.960546875 0.115234375 0.078515625
