12 0.73125 0.027734375 0.090234375 0.05546875
12 0.883203125 0.028515625 0.084375 0.05703125
12 0.570703125 0.070703125 0.090234375 0.072265625
12 0.723828125 0.1234375 0.096484375 0.07421875
12 0.8546875 0.125390625 0.096484375 0.072265625
12 0.405859375 0.316015625 0.08125 0.09375
12 0.438671875 0.484375 0.119921875 0.09375
12 0.693359375 0.4875 0.12265625 0.09609375
12 0.48125 0.575 0.114453125 0.11640625
12 0.58828125 0.5828125 0.10078125 0.1015625
12 0.70234375 0.584765625 0.12890625 0.0984375
12 0.748828125 0.689453125 0.133203125 0.105859375
12 0.878515625 0.6921875 0.12421875 0.1015625
12 0.580078125 0.80078125 0.139453125 0.108203125
12 0.731640625 0.80703125 0.136328125 0.106640625
12 0.518359375 0.917578125 0.118359375 0.11953125
12 0.712109375 0.9265625 0.137890625 0.108203125
12 0.836328125 0.923046875 0.113671875 0.128515625
12 0.9421875 0.91328125 0.109765625 0.131640625
