12 0.4765625 0.20234375 0.098046875 0.07265625
12 0.272265625 0.26640625 0.103125 0.082421875
12 0.51796875 0.341796875 0.10546875 0.08359375
12 0.894921875 0.426171875 0.10390625 0.08828125
12 0.399609375 0.512890625 0.11640625 0.094921875
12 0.621484375 0.5125 0.1203125 0.09921875
12 0.765625 0.515234375 0.11640625 0.092578125
12 0.89140625 0.5140625 0.10859375 0.0890625
12 0.434375 0.6125 0.127734375 0.10078125
12 0.87421875 0.60859375 0.115625 0.09765625
12 0.631640625 0.7171875 0.13203125 0.103515625
12 0.20703125 0.70703125 0.122265625 0.102734375
12 0.087890625 0.6953125 0.112890625 0.109375
12 0.058984375 0.794921875 0.096484375 0.119921875
12 0.744921875 0.711328125 0.1078125 0.10859375
12 0.869921875 0.709375 0.113671875 0.10078125
12 0.734765625 0.826953125 0.126171875 0.1109375
12 0.856640625 0.8203125 0.11875 0.102734375
12 0.64765625 0.947265625 0.1390625 0.10546875
12 0.782421875 0.944140625 0.1328125 0.103515625
12 0.922265625 0.93125 0.12890625 0.102734375
