12 0.527734375 0.027734375 0.071484375 0.05546875
12 0.570703125 0.06328125 0.07578125 0.065625
12 0.541015625 0.155859375 0.0828125 0.07578125
12 0.3421875 0.411328125 0.098828125 0.0828125
12 0.559765625 0.49453125 0.100390625 0.088671875
12 0.636328125 0.583984375 0.113671875 0.0875
12 0.3125 0.774609375 0.109375 0.09609375
12 0.415625 0.776171875 0.100390625 0.1078125
12 0.52734375 0.78125 0.11953125 0.09765625
12 0.54765625 0.892578125 0.122265625 0.09609375
12 0.58671875 0.33984375 0.090234375 0.080078125
