12 0.404296875 0.04296875 0.0703125 0.06328125
12 0.609765625 0.051171875 0.0703125 0.06171875
12 0.683203125 0.053125 0.076171875 0.06328125
12 0.791015625 0.057421875 0.08203125 0.066015625
12 0.328125 0.09765625 0.0734375 0.066015625
12 0.398046875 0.1 0.077734375 0.06484375
12 0.572265625 0.151171875 0.087109375 0.06953125
12 0.719921875 0.15546875 0.0921875 0.071484375
12 0.226953125 0.151953125 0.082421875 0.07265625
12 0.6296875 0.211328125 0.098046875 0.07578125
12 0.766796875 0.2125 0.0921875 0.06953125
12 0.6625 0.277734375 0.09921875 0.0796875
12 0.7609375 0.278125 0.094921875 0.080859375
12 0.328125 0.275 0.100390625 0.0796875
12 0.20859375 0.347265625 0.098046875 0.080859375
12 0.866796875 0.34921875 0.090625 0.08984375
12 0.333203125 0.512890625 0.112109375 0.088671875
12 0.466015625 0.5109375 0.11953125 0.098828125
12 0.58828125 0.516015625 0.11875 0.0890625
12 0.417578125 0.61015625 0.1203125 0.09296875
12 0.534375 0.60859375 0.115234375 0.087109375
12 0.112109375 0.695703125 0.113671875 0.09609375
12 0.376171875 0.711328125 0.125390625 0.09921875
12 0.162109375 0.809765625 0.1203125 0.0921875
12 0.580859375 0.8265625 0.12578125 0.097265625
12 0.643359375 0.940234375 0.135546875 0.103125
