12 0.832421875 0.105078125 0.071875 0.079296875
12 0.758984375 0.1109375 0.08359375 0.064453125
12 0.489453125 0.1625 0.094140625 0.075
12 0.587890625 0.16328125 0.0890625 0.070703125
12 0.68125 0.1640625 0.094921875 0.070703125
12 0.728125 0.220703125 0.097265625 0.078125
12 0.816796875 0.21953125 0.083203125 0.08203125
12 0.935546875 0.28828125 0.105078125 0.083203125
12 0.36015625 0.358984375 0.0984375 0.08203125
12 0.558984375 0.4359375 0.112109375 0.083203125
12 0.309375 0.505859375 0.08671875 0.11328125
12 0.389453125 0.51796875 0.088671875 0.102734375
12 0.476171875 0.519921875 0.08671875 0.1046875
12 0.579296875 0.52421875 0.120703125 0.0953125
12 0.313671875 0.71171875 0.11953125 0.0953125
12 0.5703125 0.835546875 0.135546875 0.102734375
12 0.500390625 0.94609375 0.1328125 0.1015625
