12 0.05 0.0296875 0.06796875 0.058984375
12 0.031640625 0.0703125 0.058984375 0.066015625
12 0.126171875 0.028515625 0.07578125 0.05703125
12 0.384375 0.029296875 0.077734375 0.058203125
12 0.452734375 0.025390625 0.064453125 0.05078125
12 0.53046875 0.02890625 0.072265625 0.053515625
12 0.448046875 0.071484375 0.07578125 0.063671875
12 0.52265625 0.073828125 0.075 0.06328125
12 0.39765625 0.116796875 0.0859375 0.066796875
12 0.48046875 0.12109375 0.08046875 0.066015625
12 0.570703125 0.123046875 0.08203125 0.063671875
12 0.365625 0.171484375 0.091796875 0.06953125
12 0.5890625 0.173046875 0.08828125 0.0671875
12 0.4453125 0.22890625 0.085546875 0.072265625
12 0.517578125 0.231640625 0.07421875 0.076953125
12 0.5890625 0.228125 0.082421875 0.07578125
12 0.468359375 0.294140625 0.10546875 0.08203125
12 0.59921875 0.296875 0.096484375 0.071484375
12 0.325390625 0.366015625 0.107421875 0.078515625
12 0.430859375 0.36796875 0.103515625 0.08046875
12 0.521484375 0.36640625 0.08046875 0.088671875
12 0.605859375 0.367578125 0.097265625 0.082421875
12 0.5671875 0.444921875 0.108203125 0.0859375
12 0.328515625 0.44375 0.10703125 0.08828125
12 0.06484375 0.36640625 0.09921875 0.077734375
12 0.219921875 0.4421875 0.088671875 0.09453125
12 0.43203125 0.53203125 0.1171875 0.09375
12 0.205078125 0.533984375 0.11171875 0.0859375
12 0.3359375 0.627734375 0.109765625 0.098046875
12 0.2265625 0.627734375 0.114453125 0.094921875
12 0.110546875 0.625390625 0.119921875 0.09296875
12 0.186328125 0.728515625 0.12421875 0.096484375
12 0.72421875 0.71796875 0.09375 0.1171875
12 0.518359375 0.8375 0.1296875 0.098046875
12 0.66015625 0.8296875 0.11953125 0.0921875
12 0.15234375 0.946875 0.13828125 0.1
12 0.47734375 0.94921875 0.1296875 0.1015625
12 0.73671875 0.930078125 0.116015625 0.091796875
