12 0.623046875 0.02578125 0.07734375 0.0515625
12 0.69765625 0.030859375 0.076171875 0.055859375
12 0.762890625 0.029296875 0.0625 0.05859375
12 0.618359375 0.072265625 0.07890625 0.065625
12 0.70078125 0.073046875 0.066796875 0.0640625
12 0.767578125 0.075 0.072265625 0.057421875
12 0.76484375 0.12421875 0.08046875 0.065625
12 0.597265625 0.1734375 0.083203125 0.068359375
12 0.54921875 0.223828125 0.092578125 0.07109375
12 0.43515625 0.22578125 0.094140625 0.072265625
12 0.24921875 0.120703125 0.081640625 0.066796875
12 0.1703125 0.296875 0.051953125 0.05859375
12 0.450390625 0.2859375 0.08046875 0.088671875
12 0.533984375 0.29140625 0.092578125 0.075
12 0.59140625 0.358984375 0.10078125 0.08203125
12 0.6921875 0.290625 0.092578125 0.073828125
12 0.791015625 0.229296875 0.088671875 0.073828125
12 0.815234375 0.293359375 0.094140625 0.0765625
12 0.69296875 0.36171875 0.099609375 0.079296875
12 0.816796875 0.363671875 0.096875 0.077734375
12 0.628125 0.437890625 0.11171875 0.084765625
12 0.7328125 0.4359375 0.10078125 0.09140625
12 0.83046875 0.439453125 0.10234375 0.084765625
12 0.519921875 0.52109375 0.112890625 0.092578125
12 0.61640625 0.523046875 0.083203125 0.099609375
12 0.70625 0.523828125 0.10234375 0.090234375
12 0.5109375 0.614453125 0.1171875 0.094140625
12 0.4515625 0.712890625 0.123828125 0.096875
12 0.56796875 0.71640625 0.11171875 0.0953125
12 0.67578125 0.7140625 0.108984375 0.096875
12 0.783203125 0.7109375 0.11171875 0.098046875
12 0.912890625 0.69765625 0.087109375 0.110546875
12 0.43125 0.81796875 0.123828125 0.094140625
12 0.71796875 0.816015625 0.12265625 0.10078125
