12 0.271484375 0.19765625 0.082421875 0.06640625
12 0.229296875 0.054296875 0.071875 0.0625
12 0.321875 0.05078125 0.07578125 0.05859375
12 0.38359375 0.09296875 0.074609375 0.06640625
12 0.39921875 0.04765625 0.0703125 0.054296875
12 0.50234375 0.01953125 0.0765625 0.0390625
12 0.43046875 0.018359375 0.07578125 0.03671875
12 0.769140625 0.100390625 0.0609375 0.065234375
12 0.355078125 0.196484375 0.087890625 0.074609375
12 0.509375 0.195703125 0.090625 0.0734375
12 0.441796875 0.252734375 0.09609375 0.070703125
12 0.54609375 0.319140625 0.098828125 0.07890625
12 0.44921875 0.321484375 0.1 0.074609375
12 0.324609375 0.388671875 0.10546875 0.081640625
12 0.4546875 0.39140625 0.10546875 0.087109375
12 0.55625 0.39453125 0.102734375 0.0828125
12 0.65546875 0.39609375 0.09609375 0.07734375
12 0.19609375 0.472265625 0.097265625 0.085546875
12 0.36796875 0.472265625 0.108203125 0.08828125
12 0.47421875 0.475 0.109765625 0.08828125
12 0.07109375 0.740625 0.087890625 0.105859375
12 0.534375 0.86875 0.132421875 0.09921875
