12 0.37109375 0.02265625 0.077734375 0.044921875
12 0.773828125 0.06015625 0.076171875 0.062890625
12 0.716796875 0.023828125 0.0734375 0.04765625
12 0.785546875 0.02265625 0.06953125 0.044921875
12 0.4453125 0.148046875 0.084375 0.0640625
12 0.523046875 0.150390625 0.076171875 0.07109375
12 0.2546875 0.208203125 0.087109375 0.06953125
12 0.36171875 0.20546875 0.088671875 0.077734375
12 0.444921875 0.20625 0.0859375 0.07109375
12 0.540234375 0.26484375 0.099609375 0.0765625
12 0.36796875 0.40703125 0.103515625 0.079296875
12 0.209765625 0.48828125 0.103515625 0.0859375
12 0.5546875 0.58828125 0.1171875 0.088671875
12 0.247265625 0.771875 0.123828125 0.0984375
12 0.156640625 0.86953125 0.119921875 0.094140625
