21 0.105625 0.765537 0.103750 0.161959
21 0.085000 0.564972 0.035000 0.054614
21 0.146563 0.660546 0.090625 0.140302
21 0.192812 0.277307 0.034375 0.049906
21 0.260313 0.259887 0.073125 0.107344
21 0.393750 0.177966 0.103750 0.141243
21 0.430312 0.061206 0.086875 0.122411
21 0.494375 0.473163 0.138750 0.194915
21 0.474062 0.701977 0.076875 0.134651
21 0.534062 0.088042 0.056875 0.134651
21 0.645312 0.625706 0.076875 0.129002
21 0.904375 0.447740 0.046250 0.113936
21 0.948750 0.211864 0.101250 0.150659
