4 0.3515625 0.3125 0.140625 0.2515625
4 0.61640625 0.3125 0.121875 0.2640625
4 0.48359375 0.35 0.134375 0.2515625
4 0.7484375 0.4265625 0.1390625 0.2390625
4 0.2890625 0.496875 0.115625 0.228125
4 0.559375 0.55234375 0.159375 0.228125
4 0.71953125 0.56015625 0.115625 0.20625
4 0.3984375 0.61015625 0.134375 0.2578125
4 0.659375 0.68125 0.11875 0.2328125
4 0.24375 0.70546875 0.165625 0.275
4 0.55390625 0.7640625 0.15625 0.228125
4 0.36953125 0.77734375 0.1390625 0.2671875
4 0.50703125 0.19765625 0.1421875 0.21875
