15 0.2375 0.21328125 0.1546875 0.209375
15 0.4515625 0.2265625 0.1296875 0.196875
15 0.65625 0.2109375 0.128125 0.19375
15 0.8796875 0.21640625 0.1546875 0.2171875
15 0.059375 0.2125 0.11875 0.1546875
15 0.13828125 0.434375 0.1359375 0.2140625
15 0.3421875 0.45625 0.1234375 0.2265625
15 0.559375 0.45234375 0.1265625 0.2203125
15 0.7953125 0.46171875 0.165625 0.2515625
15 0.96328125 0.46015625 0.071875 0.225
15 0.0421875 0.690625 0.084375 0.209375
15 0.2265625 0.7 0.1296875 0.2046875
15 0.4515625 0.71015625 0.1609375 0.21875
15 0.6796875 0.7203125 0.1609375 0.259375
15 0.9140625 0.71953125 0.1609375 0.215625
15 0.8234375 0.925 0.13125 0.146875
15 0.9671875 0.91875 0.0625 0.153125
15 0.58671875 0.9328125 0.140625 0.128125
15 0.34296875 0.9109375 0.1671875 0.1625
15 0.115625 0.9125 0.1359375 0.16875
15 0.16640625 0.0484375 0.1375 0.096875
15 0.3640625 0.046875 0.115625 0.09375
15 0.55546875 0.03828125 0.096875 0.0765625
15 0.7734375 0.05078125 0.1359375 0.0953125
15 0.946875 0.04296875 0.1 0.0859375
