18 0.58046875 0.68046875 0.184375 0.13125
18 0.7609375 0.76328125 0.2328125 0.1609375
18 0.575 0.38671875 0.2015625 0.1421875
18 0.81015625 0.55078125 0.2640625 0.134375
18 0.80234375 0.92734375 0.18125 0.1453125
18 0.790625 0.228125 0.2125 0.134375
18 0.75078125 0.35234375 0.2078125 0.1203125
18 0.41640625 0.31953125 0.1609375 0.1140625
18 0.46640625 0.20859375 0.1625 0.1234375
18 0.31953125 0.22109375 0.175 0.1078125
18 0.47109375 0.61484375 0.13125 0.1421875
18 0.5859375 0.8046875 0.153125 0.1375
18 0.68828125 0.10078125 0.221875 0.1453125
18 0.9484375 0.93828125 0.103125 0.1234375
18 0.9390625 0.7984375 0.121875 0.159375
18 0.95078125 0.628125 0.0984375 0.18125
18 0.95625 0.50546875 0.0875 0.1078125
18 0.91015625 0.38046875 0.178125 0.1484375
18 0.928125 0.2375 0.14375 0.14375
18 0.8546875 0.09453125 0.290625 0.1890625
18 0.72109375 0.0171875 0.165625 0.034375
18 0.52578125 0.034375 0.209375 0.06875
18 0.68359375 0.96796875 0.1703125 0.0625
18 0.59375 0.97890625 0.059375 0.0421875
18 0.5953125 0.91328125 0.159375 0.1046875
18 0.471875 0.91796875 0.090625 0.078125
18 0.39375 0.8203125 0.0671875 0.096875
18 0.35546875 0.73984375 0.090625 0.1015625
18 0.4734375 0.8203125 0.15625 0.1265625
18 0.42421875 0.70390625 0.1765625 0.1375
18 0.40078125 0.58515625 0.0625 0.096875
18 0.43984375 0.515625 0.075 0.053125
18 0.34921875 0.475 0.13125 0.121875
18 0.32578125 0.36875 0.109375 0.071875
18 0.284375 0.29296875 0.10625 0.078125
18 0.38046875 0.1375 0.159375 0.09375
18 0.4609375 0.08125 0.246875 0.15
18 0.59765625 0.55859375 0.121875 0.0890625
18 0.5265625 0.496875 0.1703125 0.1015625
18 0.40703125 0.43359375 0.159375 0.115625
18 0.6140625 0.22265625 0.184375 0.18125
18 0.55625 0.159375 0.0875 0.053125
18 0.70703125 0.8640625 0.10625 0.0921875
18 0.69453125 0.59921875 0.1609375 0.121875
18 0.6703125 0.48046875 0.18125 0.1171875
18 0.8421875 0.46015625 0.1625 0.096875
18 0.878125 0.84921875 0.140625 0.0765625
