21 0.068627 0.575981 0.042483 0.037581
21 0.094771 0.878268 0.081699 0.089870
21 0.133170 0.495098 0.047386 0.039216
21 0.206699 0.625817 0.060457 0.055556
21 0.397875 0.333334 0.106209 0.127451
21 0.473039 0.614379 0.135621 0.130719
21 0.478758 0.693628 0.143791 0.109477
21 0.531046 0.508170 0.091503 0.094772
21 0.557190 0.176471 0.140523 0.153595
21 0.559640 0.702614 0.044117 0.062091
21 0.617647 0.745098 0.071896 0.062092
21 0.700164 0.461601 0.099673 0.109477
21 0.757352 0.705883 0.122549 0.137255
21 0.797386 0.462418 0.117647 0.104575
21 0.888889 0.247549 0.104575 0.099674
