21 0.010937 0.753333 0.021875 0.060000
21 0.034688 0.502084 0.069375 0.174167
21 0.075625 0.406250 0.036250 0.040834
21 0.084375 0.262500 0.047500 0.063334
21 0.114375 0.215833 0.077500 0.095000
21 0.152813 0.708333 0.058125 0.060000
21 0.173437 0.198750 0.084375 0.122500
21 0.210000 0.399167 0.036250 0.055000
21 0.230938 0.380417 0.025625 0.034167
21 0.245625 0.659584 0.052500 0.059167
21 0.273438 0.178334 0.090625 0.101667
21 0.262500 0.229583 0.066250 0.067500
21 0.270313 0.843750 0.070625 0.110834
21 0.287812 0.977500 0.095625 0.043334
21 0.288750 0.385834 0.080000 0.116667
21 0.318750 0.652083 0.067500 0.077500
21 0.300625 0.594584 0.023750 0.029167
21 0.351562 0.717083 0.045625 0.067500
21 0.422500 0.799167 0.110000 0.161667
21 0.414687 0.513750 0.063125 0.074166
21 0.416563 0.580834 0.056875 0.056667
21 0.425938 0.102083 0.064375 0.077500
21 0.423125 0.695833 0.043750 0.051667
21 0.433750 0.509583 0.048750 0.089167
21 0.444688 0.632083 0.029375 0.037500
21 0.464062 0.192916 0.068125 0.089167
21 0.452500 0.382917 0.042500 0.067500
21 0.511875 0.576667 0.083750 0.106667
21 0.506563 0.312500 0.048125 0.066666
21 0.518750 0.632500 0.038750 0.046666
21 0.527187 0.379583 0.031875 0.042500
21 0.545312 0.300417 0.034375 0.054167
21 0.541563 0.350417 0.021875 0.045833
21 0.593750 0.723334 0.116250 0.158333
21 0.614375 0.449583 0.126250 0.140833
21 0.606563 0.206250 0.056875 0.075834
21 0.615625 0.334584 0.041250 0.070833
21 0.747500 0.505417 0.065000 0.097500
21 0.788125 0.558750 0.063750 0.067500
21 0.831875 0.014583 0.042500 0.029167
21 0.846875 0.497084 0.046250 0.074167
21 0.908438 0.059583 0.068125 0.077500
21 0.934375 0.158333 0.076250 0.103333
