12 0.16796875 0.19765625 0.1546875 0.1640625
12 0.1734375 0.09140625 0.15 0.16484375
12 0.340625 0.21171875 0.14765625 0.19609375
12 0.35234375 0.08828125 0.175 0.146875
12 0.51015625 0.19765625 0.15390625 0.16015625
12 0.52734375 0.08984375 0.153125 0.1578125
12 0.68984375 0.09296875 0.13671875 0.159375
12 0.865625 0.0921875 0.1234375 0.13359375
12 0.71484375 0.20078125 0.1640625 0.14453125
12 0.8875 0.20625 0.1671875 0.1265625
12 0.13203125 0.3359375 0.1609375 0.1953125
12 0.31171875 0.34609375 0.20078125 0.1671875
12 0.51953125 0.3296875 0.17578125 0.146875
12 0.70234375 0.33359375 0.17109375 0.1625
12 0.8890625 0.32578125 0.18125 0.1453125
12 0.10234375 0.5015625 0.1890625 0.14296875
12 0.2875 0.48984375 0.18984375 0.17265625
12 0.49296875 0.47578125 0.234375 0.17734375
12 0.71328125 0.46953125 0.19296875 0.1421875
12 0.89375 0.4734375 0.184375 0.15234375
12 0.08046875 0.6421875 0.16015625 0.1859375
12 0.2828125 0.62265625 0.196875 0.19296875
12 0.4953125 0.6375 0.19921875 0.21328125
12 0.68828125 0.6375 0.190625 0.19609375
12 0.8953125 0.63046875 0.17421875 0.20625
12 0.07109375 0.85703125 0.1421875 0.2671875
12 0.25546875 0.81796875 0.1671875 0.2453125
12 0.46484375 0.84296875 0.17578125 0.2453125
12 0.671875 0.85 0.23203125 0.24921875
12 0.89296875 0.8421875 0.21015625 0.253125
