12 0.83515625 0.2140625 0.16875 0.178125
12 0.82890625 0.09921875 0.165625 0.178125
12 0.64609375 0.2296875 0.1625 0.2125
12 0.63359375 0.09609375 0.190625 0.159375
12 0.46015625 0.21484375 0.16875 0.1734375
12 0.44140625 0.09765625 0.16875 0.171875
12 0.2640625 0.10078125 0.15 0.171875
12 0.071875 0.1 0.134375 0.14375
12 0.2359375 0.21796875 0.1796875 0.15625
12 0.07109375 0.2203125 0.140625 0.140625
12 0.87421875 0.36484375 0.1765625 0.2125
12 0.678125 0.37578125 0.21875 0.18125
12 0.45 0.35703125 0.1921875 0.159375
12 0.25 0.3625 0.1875 0.1765625
12 0.0734375 0.35 0.146875 0.159375
12 0.903125 0.5421875 0.19375 0.1546875
12 0.7046875 0.53203125 0.2078125 0.1875
12 0.4796875 0.515625 0.25625 0.1921875
12 0.23828125 0.509375 0.2109375 0.1546875
12 0.07109375 0.5125 0.140625 0.165625
12 0.921875 0.6953125 0.15625 0.2
12 0.709375 0.675 0.215625 0.209375
12 0.4765625 0.69140625 0.21875 0.23125
12 0.265625 0.69140625 0.209375 0.2125
12 0.06875 0.6828125 0.1375 0.225
12 0.93125 0.8921875 0.1375 0.215625
12 0.74296875 0.875 0.184375 0.25
12 0.51171875 0.88984375 0.19375 0.2203125
12 0.2875 0.8921875 0.2546875 0.215625
12 0.08046875 0.8875 0.159375 0.225
