3 0.203429 0.565572 0.242370 0.152800
3 0.275512 0.450020 0.231833 0.187048
3 0.386841 0.484905 0.228235 0.146386
3 0.343682 0.602356 0.193733 0.135049
3 0.200278 0.697549 0.190644 0.138137
3 0.280612 0.821123 0.204670 0.135176
3 0.366003 0.708070 0.283432 0.190773
3 0.579947 0.633226 0.268079 0.214028
3 0.454136 0.360705 0.215481 0.124366
3 0.691780 0.174433 0.192407 0.155343
3 0.505615 0.152738 0.212374 0.125892
3 0.715970 0.038015 0.172566 0.061375
3 0.846295 0.161390 0.236375 0.174602
3 0.661453 0.790403 0.243497 0.115318
