3 0.403906 0.253906 0.086719 0.071094
3 0.461719 0.326562 0.123438 0.098437
3 0.357031 0.335938 0.132031 0.099219
3 0.348438 0.410938 0.091406 0.096094
3 0.407813 0.420312 0.110937 0.102344
3 0.503906 0.430469 0.118750 0.086719
3 0.586719 0.424219 0.100781 0.098437
3 0.554688 0.346875 0.080469 0.091406
3 0.611719 0.313281 0.094531 0.090625
3 0.623437 0.204687 0.112500 0.125781
3 0.720313 0.312500 0.092969 0.071875
3 0.785937 0.339844 0.108594 0.095312
3 0.795312 0.418750 0.076563 0.075781
3 0.653906 0.378906 0.095312 0.081250
3 0.725781 0.396094 0.094531 0.067187
3 0.684375 0.509375 0.116406 0.121094
3 0.760938 0.477344 0.086719 0.075781
3 0.817187 0.481250 0.086719 0.078125
3 0.731250 0.602344 0.098437 0.110937
3 0.797656 0.554688 0.085938 0.089063
3 0.770312 0.635938 0.077344 0.073438
3 0.668750 0.698438 0.119531 0.106250
3 0.599219 0.660156 0.102344 0.085156
3 0.542969 0.578906 0.090625 0.089063
3 0.537500 0.517188 0.074219 0.081250
3 0.475781 0.521094 0.095312 0.082812
3 0.378906 0.531250 0.092188 0.096875
3 0.239063 0.583594 0.091406 0.079687
3 0.257031 0.446094 0.087500 0.075000
3 0.220312 0.342969 0.087500 0.089844
3 0.285156 0.668750 0.088281 0.053125
3 0.372656 0.660937 0.091406 0.098437
3 0.460156 0.614062 0.081250 0.103125
3 0.524219 0.695312 0.096875 0.107031
3 0.601562 0.739844 0.107031 0.078125
3 0.530469 0.805469 0.092969 0.088281
3 0.411719 0.825781 0.079687 0.091406
3 0.340625 0.789844 0.071094 0.075000
