3 0.921673 0.544960 0.150854 0.151240
3 0.910812 0.666350 0.153816 0.123205
3 0.774197 0.786711 0.193187 0.177467
3 0.592213 0.515491 0.223029 0.204893
3 0.818971 0.475305 0.155415 0.129501
3 0.923186 0.284804 0.150918 0.162177
3 0.906495 0.070188 0.186774 0.140376
3 0.738053 0.286285 0.165090 0.181336
3 0.716260 0.138507 0.138354 0.150876
3 0.559497 0.231335 0.180669 0.173978
3 0.469009 0.084502 0.205733 0.169003
3 0.411704 0.259068 0.187019 0.191348
3 0.244208 0.317058 0.218242 0.187570
3 0.224289 0.518385 0.233940 0.200524
3 0.331397 0.770694 0.243278 0.194547
3 0.187601 0.782689 0.244977 0.218030
3 0.568946 0.889542 0.176064 0.187904
3 0.911601 0.933469 0.109839 0.082870
3 0.078400 0.487480 0.141707 0.190029
3 0.087513 0.129463 0.138527 0.180563
