3 0.773438 0.212500 0.065625 0.128125
3 0.721094 0.293750 0.067969 0.125000
3 0.807813 0.367188 0.069531 0.107031
3 0.817969 0.287500 0.051562 0.083594
3 0.842969 0.228906 0.046094 0.091406
3 0.873437 0.331250 0.060156 0.132812
3 0.917188 0.328125 0.038281 0.122656
3 0.699219 0.367188 0.064844 0.110156
3 0.653906 0.346094 0.059375 0.096875
3 0.484375 0.383594 0.067969 0.110156
3 0.535937 0.406250 0.082812 0.109375
3 0.572656 0.442969 0.085938 0.149219
3 0.512500 0.481250 0.078125 0.135156
3 0.476562 0.476562 0.096875 0.137500
3 0.416406 0.414844 0.066406 0.117969
3 0.300781 0.317969 0.059375 0.115625
3 0.349219 0.358594 0.058594 0.125000
3 0.300000 0.429688 0.065625 0.131250
3 0.385937 0.514844 0.069531 0.107031
3 0.402344 0.565625 0.071875 0.116406
3 0.455469 0.598437 0.082812 0.136719
3 0.528906 0.617188 0.089063 0.141406
3 0.259375 0.528906 0.057031 0.092969
3 0.314844 0.604688 0.102344 0.174219
3 0.660156 0.789062 0.074219 0.114844
3 0.642969 0.728906 0.100781 0.157812
3 0.736719 0.620313 0.039844 0.146875
3 0.702344 0.694531 0.091406 0.167187
3 0.834375 0.679688 0.057813 0.146094
