3 0.235382 0.243475 0.151264 0.225924
3 0.361459 0.334440 0.164118 0.287590
3 0.556598 0.375503 0.179634 0.269750
3 0.726448 0.330690 0.185929 0.277926
3 0.905758 0.405999 0.185902 0.273239
3 0.748481 0.573461 0.142616 0.350378
3 0.880403 0.734321 0.210421 0.460541
3 0.674688 0.764542 0.186075 0.302926
3 0.759317 0.834418 0.239645 0.331165
3 0.552032 0.872025 0.246949 0.255951
3 0.397322 0.752295 0.184540 0.307523
3 0.319251 0.862234 0.239145 0.275533
3 0.196691 0.714819 0.222312 0.356582
3 0.208422 0.844891 0.215826 0.310218
3 0.053015 0.462515 0.106031 0.312529
