3 0.237364 0.091270 0.106446 0.140938
3 0.303892 0.145260 0.080824 0.102619
3 0.391544 0.172589 0.081006 0.105744
3 0.506167 0.113182 0.065654 0.109886
3 0.691779 0.192468 0.106370 0.112867
3 0.494579 0.258385 0.077517 0.099385
3 0.401346 0.353767 0.103139 0.137703
3 0.328509 0.515620 0.089729 0.121642
3 0.195719 0.470275 0.115927 0.116319
3 0.156399 0.580848 0.099468 0.128219
3 0.077508 0.604710 0.103898 0.097188
3 0.108484 0.449224 0.101121 0.129836
3 0.145049 0.264968 0.113318 0.178601
3 0.151404 0.048343 0.106568 0.089484
3 0.604757 0.140893 0.077972 0.107197
3 0.547774 0.460650 0.103761 0.175149
3 0.473610 0.631850 0.129792 0.140193
3 0.403200 0.778914 0.121601 0.160179
3 0.482463 0.762111 0.096085 0.096915
3 0.564524 0.737577 0.102593 0.128328
3 0.658714 0.706421 0.131643 0.118428
3 0.730277 0.647076 0.134844 0.146607
3 0.825339 0.614385 0.106552 0.115992
3 0.876628 0.540241 0.070084 0.078854
3 0.855533 0.378239 0.094037 0.142064
3 0.908786 0.283810 0.071085 0.096042
3 0.978529 0.255714 0.025105 0.136538
3 0.798848 0.959417 0.098558 0.081166
3 0.510241 0.954938 0.077244 0.090124
3 0.437038 0.883430 0.103063 0.109633
