3 0.173373 0.664032 0.346747 0.279020
3 0.336752 0.599886 0.281683 0.242496
3 0.638111 0.378320 0.400598 0.307329
3 0.331859 0.312224 0.293092 0.205578
3 0.213615 0.246734 0.288496 0.208485
3 0.367516 0.091000 0.308717 0.181999
3 0.624539 0.059779 0.419671 0.119559
3 0.749093 0.097200 0.264314 0.194400
3 0.786961 0.223150 0.255166 0.242821
3 0.876014 0.407029 0.230604 0.310334
3 0.872706 0.627977 0.221854 0.224105
3 0.849114 0.795256 0.259854 0.243039
3 0.672490 0.751990 0.209081 0.214148
3 0.507012 0.861903 0.247035 0.231520
3 0.322409 0.878303 0.185478 0.153754
3 0.200480 0.859015 0.268319 0.212226
