3 0.754422 0.055857 0.075547 0.111714
3 0.816203 0.132705 0.087706 0.186907
3 0.875943 0.151510 0.084581 0.186743
3 0.933100 0.135980 0.081046 0.178767
3 0.974523 0.247667 0.050954 0.159525
3 0.915900 0.375817 0.092796 0.224571
3 0.866757 0.409728 0.078822 0.195791
3 0.819414 0.298617 0.090837 0.157465
3 0.771731 0.420192 0.090831 0.187071
3 0.819631 0.616664 0.098964 0.223336
3 0.866263 0.594635 0.063047 0.132635
3 0.920160 0.636464 0.082445 0.175724
3 0.989253 0.885945 0.021494 0.130336
3 0.997561 0.723902 0.004878 0.217181
3 0.833753 0.901080 0.084185 0.119719
3 0.897236 0.916555 0.085344 0.082383
3 0.765583 0.885851 0.104900 0.158202
3 0.623700 0.450668 0.102915 0.209519
3 0.595859 0.101583 0.087290 0.203166
3 0.538551 0.064138 0.098404 0.128276
3 0.464166 0.246729 0.124776 0.269876
3 0.384928 0.090457 0.100943 0.180914
3 0.426728 0.892642 0.113368 0.171111
3 0.259920 0.490102 0.065258 0.174823
3 0.233857 0.097419 0.079648 0.181810
3 0.166093 0.104888 0.071753 0.179838
3 0.092290 0.090219 0.093956 0.180438
3 0.122491 0.364127 0.069870 0.143900
3 0.124112 0.469800 0.066827 0.145299
3 0.126710 0.623993 0.082527 0.177286
3 0.133046 0.789741 0.086307 0.189950
3 0.081470 0.851982 0.081217 0.152286
