3 0.607366 0.352231 0.678646 0.661365
3 0.486867 0.115281 0.106615 0.088299
3 0.448897 0.231472 0.083323 0.093321
3 0.700696 0.262080 0.176783 0.152839
3 0.543958 0.383713 0.158215 0.159669
3 0.658439 0.429339 0.072095 0.080247
3 0.771521 0.448443 0.100765 0.105159
3 0.477027 0.499076 0.119406 0.101454
3 0.521283 0.350485 0.110285 0.111900
3 0.609913 0.528875 0.102182 0.098991
3 0.748394 0.530222 0.089646 0.096773
3 0.733489 0.192309 0.091426 0.106230
3 0.749752 0.286104 0.095459 0.078351
3 0.609324 0.167528 0.170424 0.147824
