3 0.851336 0.405343 0.297329 0.272862
3 0.708367 0.415230 0.288968 0.239286
3 0.368294 0.535767 0.409067 0.304514
3 0.648810 0.698171 0.299795 0.203639
3 0.748145 0.799096 0.293763 0.208181
3 0.561287 0.901207 0.317453 0.180638
3 0.299767 0.894781 0.429337 0.203533
3 0.191603 0.805793 0.272363 0.251386
3 0.190957 0.640785 0.265749 0.243428
3 0.139653 0.429249 0.253399 0.313377
3 0.196235 0.216766 0.230501 0.223878
3 0.247971 0.089407 0.286567 0.178813
3 0.418052 0.159985 0.217492 0.212649
3 0.601588 0.109716 0.254230 0.219431
3 0.782714 0.147587 0.189726 0.152693
3 0.878619 0.203835 0.242761 0.210470
