3 0.700062 0.584571 0.217880 0.101894
3 0.721411 0.506900 0.199348 0.110832
3 0.774993 0.354158 0.256398 0.146517
3 0.666546 0.278156 0.240264 0.124278
3 0.604553 0.389274 0.199566 0.120207
3 0.512982 0.427790 0.248622 0.147897
3 0.511127 0.541089 0.287721 0.150369
3 0.402351 0.546374 0.231034 0.130310
3 0.254550 0.549188 0.208578 0.104801
3 0.101577 0.475910 0.203154 0.148696
3 0.144210 0.621660 0.239065 0.139867
3 0.094490 0.625002 0.188979 0.168754
3 0.142608 0.759832 0.285217 0.248988
3 0.169642 0.872387 0.247387 0.161923
3 0.486989 0.134057 0.268789 0.142120
