3 0.228121 0.501934 0.137509 0.135139
3 0.087913 0.494935 0.135946 0.135129
3 0.127708 0.577539 0.162218 0.129034
3 0.197027 0.673255 0.228425 0.141916
3 0.171509 0.813285 0.234709 0.109149
3 0.276871 0.843931 0.184709 0.108858
3 0.454865 0.789756 0.173626 0.105669
3 0.434125 0.629677 0.161781 0.119659
3 0.604131 0.672450 0.196301 0.122984
3 0.712575 0.601487 0.214217 0.138709
3 0.796800 0.530666 0.180313 0.115081
3 0.896651 0.451927 0.206697 0.129316
3 0.739504 0.357514 0.240527 0.166979
3 0.661464 0.275915 0.232496 0.162247
3 0.603116 0.147313 0.244122 0.143569
3 0.736815 0.081674 0.219414 0.149674
3 0.475133 0.083978 0.153095 0.100864
3 0.315974 0.055990 0.156400 0.071203
3 0.252243 0.130600 0.153022 0.099301
3 0.333737 0.252815 0.155167 0.111810
3 0.266862 0.310251 0.132055 0.085120
3 0.890403 0.778626 0.161815 0.086856
3 0.460349 0.454477 0.226978 0.245004
3 0.667828 0.915895 0.261199 0.107741
3 0.116411 0.351762 0.161781 0.119659
