3 0.102039 0.196014 0.136569 0.096052
3 0.145299 0.264204 0.098241 0.074648
3 0.160420 0.352721 0.101303 0.073177
3 0.088967 0.459363 0.107043 0.060859
3 0.143014 0.645848 0.108635 0.099921
3 0.230995 0.459132 0.098178 0.073086
3 0.335024 0.376512 0.133317 0.092836
3 0.499720 0.317878 0.118872 0.083052
3 0.472319 0.186020 0.112078 0.107825
3 0.584339 0.156229 0.123878 0.091001
3 0.617019 0.081928 0.094509 0.097949
3 0.463385 0.098884 0.125504 0.092609
3 0.279936 0.119828 0.172761 0.103348
3 0.063385 0.110522 0.107136 0.101438
3 0.103706 0.557255 0.105926 0.071751
3 0.419409 0.527000 0.170817 0.093927
3 0.592668 0.468897 0.134399 0.119399
3 0.744801 0.412189 0.156019 0.113785
3 0.719120 0.487066 0.092564 0.088529
3 0.683906 0.566124 0.123942 0.092563
3 0.642872 0.653933 0.112715 0.123450
3 0.576263 0.718297 0.140840 0.124268
3 0.533539 0.809278 0.111696 0.098450
3 0.455290 0.852912 0.079046 0.063165
3 0.301381 0.819154 0.136123 0.085114
3 0.203568 0.864138 0.094734 0.065182
3 0.166250 0.956521 0.135550 0.071052
3 0.889966 0.813733 0.117628 0.090819
3 0.903833 0.530852 0.091864 0.071341
3 0.841455 0.453074 0.105319 0.095143
