3 0.807008 0.827488 0.144643 0.088512
3 0.727800 0.761175 0.141608 0.091546
3 0.642641 0.839098 0.121205 0.087830
3 0.725264 0.861797 0.095614 0.066790
3 0.783250 0.896269 0.101728 0.062285
3 0.674420 0.911836 0.147631 0.083916
3 0.673395 0.957081 0.134449 0.060114
3 0.653430 0.727007 0.125802 0.084842
3 0.680260 0.683294 0.108432 0.078092
3 0.657040 0.502302 0.125938 0.089529
3 0.629611 0.552242 0.126302 0.102029
3 0.587597 0.583805 0.168762 0.112632
3 0.552852 0.516444 0.152864 0.102802
3 0.561918 0.479239 0.158097 0.121688
3 0.631443 0.427402 0.133660 0.086631
3 0.743150 0.322931 0.128790 0.080245
3 0.697593 0.366879 0.139728 0.080563
3 0.627115 0.305504 0.147768 0.088603
3 0.530147 0.379961 0.122768 0.087876
3 0.476536 0.388548 0.132279 0.092836
3 0.437412 0.438929 0.154563 0.107535
3 0.409861 0.511502 0.161040 0.115529
3 0.528649 0.247998 0.105171 0.073313
3 0.444880 0.293176 0.195916 0.133717
3 0.219430 0.619927 0.130807 0.095916
3 0.283197 0.611635 0.180200 0.130137
3 0.387206 0.725505 0.157978 0.063921
3 0.314035 0.678882 0.189302 0.121035
3 0.315715 0.817096 0.161694 0.084325
