3 0.673720 0.480228 0.647826 0.693760
3 0.866066 0.695563 0.086053 0.107857
3 0.742338 0.682123 0.092847 0.086437
3 0.789069 0.430849 0.148630 0.180065
3 0.623669 0.526398 0.157132 0.161862
3 0.614613 0.398872 0.079837 0.074772
3 0.631102 0.284521 0.104512 0.102699
3 0.492547 0.538239 0.097646 0.122557
3 0.649452 0.561402 0.108001 0.110694
3 0.504112 0.401786 0.096700 0.102244
3 0.545510 0.270186 0.096263 0.092869
3 0.866939 0.429930 0.105711 0.094978
3 0.781762 0.374326 0.074606 0.096283
3 0.852631 0.557653 0.143724 0.175105
