3 0.906250 0.128125 0.150781 0.236719
3 0.726562 0.085938 0.146094 0.171875
3 0.553906 0.151562 0.190625 0.237500
3 0.757812 0.298438 0.199219 0.285938
3 0.955469 0.323437 0.089063 0.201563
3 0.895312 0.505469 0.201563 0.287500
3 0.707812 0.503125 0.201563 0.246094
3 0.585938 0.362500 0.167969 0.246875
3 0.407813 0.282031 0.204687 0.233594
3 0.231250 0.285156 0.164062 0.212500
3 0.066406 0.339062 0.132031 0.330469
3 0.130469 0.445312 0.170313 0.240625
3 0.278125 0.459375 0.132812 0.185938
3 0.437500 0.514062 0.174219 0.272656
3 0.614844 0.735156 0.182031 0.300781
3 0.826562 0.766406 0.193750 0.272656
3 0.675781 0.920312 0.196094 0.159375
3 0.883594 0.929688 0.193750 0.140625
3 0.502344 0.945312 0.198437 0.109375
3 0.417969 0.720313 0.170313 0.272656
3 0.229687 0.646875 0.198437 0.241406
3 0.053906 0.650781 0.107031 0.314844
3 0.107813 0.861719 0.181250 0.226562
3 0.287500 0.899219 0.228125 0.200781
