3 0.845531 0.341520 0.092755 0.095812
3 0.880983 0.446465 0.087686 0.086164
3 0.884306 0.585391 0.076939 0.090215
3 0.822428 0.577890 0.091065 0.092596
3 0.832292 0.647831 0.076621 0.082402
3 0.819137 0.439745 0.058606 0.061089
3 0.754022 0.448423 0.077610 0.068431
3 0.711869 0.408557 0.076430 0.077715
3 0.660903 0.534968 0.073241 0.075970
3 0.479190 0.532179 0.068426 0.072572
3 0.404878 0.487322 0.069989 0.072663
3 0.334500 0.519855 0.075793 0.062090
3 0.272654 0.513135 0.073658 0.047936
3 0.235570 0.482917 0.058287 0.053276
3 0.211794 0.530634 0.067726 0.055385
3 0.205814 0.556006 0.077738 0.071556
3 0.259225 0.566131 0.055099 0.051532
3 0.174830 0.618112 0.075984 0.066777
3 0.090267 0.570319 0.084306 0.079732
3 0.125365 0.494424 0.082935 0.084329
3 0.073834 0.492202 0.064665 0.056765
3 0.192682 0.463272 0.082744 0.079641
3 0.264898 0.380186 0.076303 0.074590
3 0.328147 0.383090 0.080863 0.071738
3 0.313500 0.310533 0.088994 0.080005
3 0.369576 0.290417 0.080319 0.096647
3 0.414952 0.294619 0.054619 0.078003
3 0.564669 0.717198 0.099069 0.097739
3 0.479113 0.721568 0.081054 0.076425
3 0.393508 0.743860 0.063484 0.066049
3 0.387296 0.667897 0.098623 0.086801
3 0.343080 0.711306 0.079810 0.084147
3 0.255225 0.773997 0.130956 0.115184
3 0.277310 0.723064 0.084752 0.090670
3 0.292311 0.766025 0.063357 0.062924
3 0.337652 0.807635 0.088994 0.080005
3 0.445381 0.869247 0.077610 0.068431
