3 0.239844 0.153906 0.084375 0.121875
3 0.303906 0.197656 0.064844 0.086719
3 0.385156 0.217188 0.064062 0.089844
3 0.483594 0.156250 0.051562 0.096094
3 0.656250 0.215625 0.088281 0.096094
3 0.485156 0.288281 0.062500 0.085938
3 0.409375 0.378906 0.082031 0.118750
3 0.357031 0.528906 0.071875 0.105469
3 0.233594 0.496875 0.096094 0.098437
3 0.207813 0.599219 0.079687 0.109375
3 0.139063 0.625000 0.085938 0.082031
3 0.153906 0.483594 0.080469 0.111719
3 0.171094 0.315625 0.088281 0.154688
3 0.160156 0.113281 0.089063 0.093750
3 0.574219 0.175000 0.062500 0.093750
3 0.549219 0.466406 0.079687 0.152344
3 0.497656 0.624219 0.105469 0.119531
3 0.446094 0.760938 0.097656 0.138281
3 0.515625 0.741406 0.078125 0.082031
3 0.588281 0.714063 0.081250 0.109375
3 0.669531 0.679688 0.109375 0.099219
3 0.728906 0.621875 0.110156 0.124219
3 0.811719 0.586719 0.087500 0.098437
3 0.851562 0.517188 0.055469 0.068750
3 0.819531 0.371875 0.073438 0.122656
3 0.859375 0.284375 0.056250 0.082812
3 0.957812 0.254688 0.084375 0.121094
3 0.819531 0.917969 0.079687 0.103125
3 0.557813 0.914844 0.061719 0.080469
3 0.485156 0.853125 0.084375 0.092188
