3 0.496875 0.085938 0.085156 0.077344
3 0.596875 0.124219 0.096875 0.100000
3 0.610938 0.185938 0.079687 0.132031
3 0.535937 0.238281 0.092969 0.143750
3 0.462500 0.302344 0.094531 0.135156
3 0.460156 0.452344 0.106250 0.157031
3 0.393750 0.369531 0.078906 0.096875
3 0.373437 0.285156 0.149219 0.166406
3 0.278906 0.267969 0.089844 0.119531
3 0.228125 0.218750 0.111719 0.116406
3 0.246875 0.382812 0.100781 0.119531
3 0.269531 0.484375 0.092188 0.132031
3 0.384375 0.471094 0.104688 0.101562
3 0.475781 0.471875 0.103906 0.100000
3 0.625000 0.522656 0.096094 0.094531
