3 0.762532 0.589448 0.226782 0.158362
3 0.703420 0.479074 0.220877 0.187904
3 0.598978 0.502605 0.214209 0.151821
3 0.632309 0.613578 0.184376 0.138630
3 0.757682 0.709905 0.179689 0.138521
3 0.677659 0.817265 0.193769 0.140411
3 0.605275 0.707983 0.267843 0.196807
3 0.414413 0.624901 0.255543 0.213704
3 0.546042 0.385836 0.199874 0.128056
3 0.339909 0.199176 0.183014 0.155781
3 0.510966 0.192069 0.198366 0.132707
3 0.327998 0.053413 0.168497 0.106827
3 0.199756 0.175868 0.227018 0.178674
3 0.330838 0.762821 0.224819 0.123951
