3 0.140542 0.538843 0.150330 0.150147
3 0.033607 0.540170 0.067215 0.144659
3 0.063459 0.457803 0.126918 0.143769
3 0.118983 0.360273 0.237967 0.162175
3 0.112841 0.218940 0.209159 0.127400
3 0.207282 0.188161 0.196659 0.127254
3 0.388494 0.254784 0.185613 0.122440
3 0.359694 0.418356 0.173404 0.134794
3 0.537020 0.383489 0.207924 0.141444
3 0.645303 0.462676 0.228637 0.158868
3 0.728623 0.540592 0.193680 0.133468
3 0.831292 0.626092 0.225294 0.149457
3 0.662068 0.715538 0.255890 0.188865
3 0.577401 0.796189 0.249531 0.184104
3 0.508176 0.918055 0.262903 0.154581
3 0.644785 0.954737 0.223621 0.077582
3 0.375181 0.960998 0.160939 0.069042
3 0.147202 0.923818 0.161993 0.114354
3 0.237521 0.801706 0.166972 0.126909
3 0.171043 0.738434 0.141317 0.098493
3 0.838366 0.288601 0.171041 0.100401
3 0.378095 0.600905 0.246880 0.271550
3 0.614641 0.135778 0.274857 0.131289
3 0.052120 0.689153 0.104239 0.134194
