3 0.882145 0.129214 0.233854 0.169372
3 0.908547 0.313572 0.167956 0.160032
3 0.836193 0.482339 0.255585 0.210470
3 0.707676 0.266675 0.304350 0.220972
3 0.699707 0.069454 0.211141 0.100149
3 0.513504 0.117506 0.307366 0.217920
3 0.497718 0.300882 0.265342 0.221626
3 0.628346 0.433715 0.262579 0.187214
3 0.693809 0.618982 0.252951 0.224460
3 0.675144 0.795253 0.226478 0.181690
3 0.606461 0.939067 0.342138 0.121866
3 0.505491 0.884349 0.258001 0.190230
3 0.503671 0.734967 0.198770 0.148260
3 0.463279 0.570613 0.290977 0.195681
3 0.256627 0.375805 0.319430 0.205711
3 0.244544 0.162069 0.291632 0.214431
3 0.082486 0.302073 0.164973 0.208542
3 0.086515 0.097404 0.155094 0.194080
3 0.049811 0.472403 0.099623 0.207306
3 0.255139 0.575151 0.290868 0.192556
3 0.311681 0.769592 0.260546 0.218392
3 0.292234 0.940590 0.324568 0.118819
3 0.103628 0.875384 0.207257 0.197643
3 0.087698 0.692117 0.175397 0.243608
