3 0.057587 0.852305 0.115174 0.188985
3 0.037131 0.658798 0.074262 0.180096
3 0.109844 0.489456 0.219688 0.253912
3 0.186287 0.735268 0.348370 0.285555
3 0.172311 0.932378 0.228926 0.114758
3 0.377018 0.893362 0.344336 0.213276
3 0.413177 0.734401 0.306073 0.278411
3 0.290251 0.570780 0.298987 0.242109
3 0.242653 0.363825 0.293610 0.279245
3 0.283718 0.179245 0.262831 0.230641
3 0.369966 0.070051 0.369442 0.118261
3 0.474253 0.126975 0.292119 0.215182
3 0.458371 0.271560 0.225985 0.189485
3 0.483077 0.453712 0.327367 0.254685
3 0.678512 0.695094 0.360506 0.270658
3 0.667061 0.893414 0.330673 0.213172
3 0.859815 0.804224 0.208689 0.250893
3 0.826799 0.951802 0.181398 0.096396
3 0.917104 0.628412 0.144481 0.240912
3 0.704552 0.483822 0.327294 0.251560
3 0.667328 0.268084 0.299714 0.273359
3 0.703978 0.105151 0.349857 0.148328
3 0.888660 0.203527 0.220498 0.221934
3 0.892980 0.387621 0.204947 0.291245
