3 0.151438 0.365112 0.094726 0.051120
3 0.245973 0.203550 0.138722 0.057080
3 0.352213 0.162042 0.116437 0.048631
3 0.413249 0.236585 0.124577 0.055109
3 0.347470 0.282400 0.088067 0.043126
3 0.215302 0.400615 0.105166 0.071705
3 0.265844 0.436513 0.129504 0.089575
3 0.359096 0.418883 0.147844 0.082308
3 0.494562 0.521412 0.111661 0.076575
3 0.478511 0.454438 0.114377 0.068853
3 0.558202 0.471623 0.120545 0.067472
3 0.573039 0.442322 0.119310 0.073677
3 0.655685 0.432990 0.145538 0.097842
3 0.712767 0.478468 0.175471 0.103393
3 0.799878 0.398846 0.179907 0.128484
3 0.675394 0.310720 0.135426 0.083506
3 0.077511 0.614765 0.155022 0.078120
3 0.271721 0.608039 0.149571 0.085478
3 0.191245 0.755143 0.132137 0.080291
3 0.285783 0.787627 0.146036 0.077575
3 0.289843 0.740016 0.145545 0.068200
3 0.381624 0.765378 0.164950 0.081245
3 0.484101 0.810611 0.131155 0.061541
3 0.505471 0.761157 0.142584 0.071234
3 0.349169 0.891971 0.133291 0.072524
3 0.177407 0.840027 0.117420 0.067381
