3 0.267969 0.269531 0.126562 0.193750
3 0.390625 0.339844 0.134375 0.250000
3 0.574219 0.353906 0.150000 0.232031
3 0.728125 0.292187 0.155469 0.239844
3 0.911719 0.342969 0.176563 0.230469
3 0.764844 0.515625 0.109375 0.312500
3 0.898438 0.649219 0.164844 0.407031
3 0.710156 0.701562 0.153906 0.261719
3 0.795312 0.785937 0.198437 0.341406
3 0.608594 0.853906 0.211719 0.282813
3 0.453125 0.723437 0.152344 0.266406
3 0.390625 0.860156 0.203125 0.279687
3 0.264844 0.712500 0.184375 0.308594
3 0.286719 0.849219 0.179688 0.301563
3 0.078125 0.497656 0.156250 0.277344
