21 0.161621 0.794271 0.323242 0.408854
21 0.162109 0.794271 0.324219 0.408854
21 0.166016 0.248047 0.332031 0.496094
21 0.168945 0.255209 0.337891 0.510417
21 0.467774 0.598958 0.402343 0.578125
21 0.470703 0.597657 0.400390 0.578125
21 0.487793 0.116537 0.413086 0.233073
21 0.491700 0.121745 0.415039 0.243490
21 0.418457 0.970052 0.219726 0.057292
21 0.416992 0.974610 0.208984 0.048177
21 0.797851 0.335286 0.402343 0.566407
21 0.799316 0.336589 0.399414 0.571615
21 0.800781 0.825521 0.396484 0.346354
21 0.800781 0.829427 0.396484 0.338542
