6 0.28515625 0.2796875 0.1640625 0.22734375
6 0.3109375 0.87578125 0.140625 0.21484375
6 0.36328125 0.48359375 0.1828125 0.27109375
6 0.4265625 0.12421875 0.1828125 0.21484375
6 0.434375 0.5015625 0.675 0.99296875
6 0.4453125 0.8953125 0.13125 0.20546875
6 0.48671875 0.5015625 0.7796875 0.99296875
6 0.553125 0.6296875 0.1828125 0.2640625
6 0.5609375 0.9671875 0.12734375 0.06171875
6 0.58984375 0.14296875 0.21875 0.2421875
6 0.6984375 0.3078125 0.209375 0.309375
6 0.7015625 0.75859375 0.1875 0.30078125
6 0.7078125 0.94921875 0.18828125 0.0984375
6 0.82109375 0.1640625 0.10625 0.2515625
6 0.82109375 0.41796875 0.09296875 0.22734375
6 0.81484375 0.659375 0.0890625 0.24375
6 0.22421875 0.6625 0.1421875 0.24609375
6 0.23515625 0.46875 0.1203125 0.16953125