6 0.3140625 0.45390625 0.0796875 0.1140625
6 0.215625 0.46015625 0.0703125 0.10390625
6 0.3203125 0.578125 0.08984375 0.13359375
6 0.17890625 0.640625 0.0953125 0.15390625
6 0.46875 0.7 0.08828125 0.1359375
6 0.92421875 0.78984375 0.09375 0.1125
6 0.80859375 0.81328125 0.084375 0.14296875
6 0.20078125 0.78671875 0.078125 0.1375
6 0.553125 0.81015625 0.08359375 0.1375
6 0.1 0.80703125 0.08515625 0.1390625
6 0.32265625 0.821875 0.0890625 0.11953125
6 0.675 0.878125 0.08828125 0.128125
6 0.9671875 0.93046875 0.065625 0.1234375