6 0.675 0.74296875 0.16640625 0.22578125
6 0.65703125 0.14921875 0.1421875 0.2109375
6 0.59921875 0.54453125 0.1875 0.26953125
6 0.53125 0.9 0.1859375 0.196875
6 0.52890625 0.50078125 0.6859375 0.99453125
6 0.52265625 0.12734375 0.1328125 0.2296875
6 0.4765625 0.50078125 0.78984375 0.99453125
6 0.4109375 0.415625 0.1859375 0.2625
6 0.4078125 0.06171875 0.12734375 0.09140625
6 0.36796875 0.890625 0.22265625 0.21484375
6 0.26171875 0.746875 0.21171875 0.30625
6 0.2640625 0.296875 0.18984375 0.2984375
6 0.2609375 0.0875 0.18828125 0.13515625
6 0.1375 0.88515625 0.1109375 0.22578125
6 0.14140625 0.64609375 0.09453125 0.22734375
6 0.15 0.4046875 0.08984375 0.24375
6 0.74140625 0.35703125 0.14375 0.24375
6 0.72734375 0.55 0.121875 0.1671875