6 0.325000 0.742969 0.166406 0.225781
6 0.342969 0.149219 0.142187 0.210938
6 0.400781 0.544531 0.187500 0.269531
6 0.468750 0.900000 0.185938 0.196875
6 0.471094 0.500781 0.685937 0.994531
6 0.477344 0.127344 0.132812 0.229687
6 0.523438 0.500781 0.789844 0.994531
6 0.589063 0.415625 0.185938 0.262500
6 0.592187 0.061719 0.127344 0.091406
6 0.632031 0.890625 0.222656 0.214844
6 0.738281 0.746875 0.211719 0.306250
6 0.735938 0.296875 0.189844 0.298438
6 0.739062 0.087500 0.188281 0.135156
6 0.862500 0.885156 0.110937 0.225781
6 0.858594 0.646094 0.094531 0.227344
6 0.850000 0.404687 0.089844 0.243750
6 0.258594 0.357031 0.143750 0.243750
6 0.272656 0.550000 0.121875 0.167187
