6 0.87109375 0.11328125 0.2375 0.2265625
6 0.096875 0.25703125 0.19375 0.4953125
6 0.646875 0.21875 0.18984375 0.3984375
6 0.4640625 0.25546875 0.17578125 0.3
6 0.27578125 0.3796875 0.246875 0.4375
6 0.865625 0.3640625 0.22890625 0.36953125
6 0.4765625 0.5109375 0.22734375 0.4
6 0.6609375 0.58515625 0.18359375 0.3734375
6 0.1125 0.68828125 0.215625 0.434375
6 0.2875 0.7125 0.196875 0.346875
6 0.875 0.684375 0.19140625 0.32109375
6 0.634375 0.8265625 0.31015625 0.20859375
6 0.2359375 0.88359375 0.45703125 0.23046875
6 0.5171875 0.06015625 0.259375 0.1203125
6 0.3 0.1 0.21875 0.2