6 0.5671875 0.2609375 0.134375 0.12421875
6 0.81796875 0.24609375 0.11640625 0.1265625
6 0.95859375 0.23515625 0.08046875 0.0921875
6 0.27734375 0.39921875 0.1375 0.1203125
6 0.04453125 0.43359375 0.05546875 0.12421875
6 0.671875 0.41640625 0.09609375 0.07421875
6 0.9828125 0.44296875 0.03203125 0.13828125
6 0.19921875 0.66796875 0.14609375 0.1703125
6 0.4875 0.82265625 0.153125 0.21875
6 0.1953125 0.85859375 0.184375 0.21875
6 0.28359375 0.14765625 0.103125 0.13046875
6 0.109375 0.18671875 0.109375 0.16484375