6 0.675000 0.742969 0.166406 0.225781
6 0.657031 0.149219 0.142187 0.210938
6 0.599219 0.544531 0.187500 0.269531
6 0.531250 0.900000 0.185938 0.196875
6 0.528906 0.500781 0.685937 0.994531
6 0.522656 0.127344 0.132812 0.229687
6 0.476562 0.500781 0.789844 0.994531
6 0.410938 0.415625 0.185938 0.262500
6 0.407813 0.061719 0.127344 0.091406
6 0.367969 0.890625 0.222656 0.214844
6 0.261719 0.746875 0.211719 0.306250
6 0.264062 0.296875 0.189844 0.298438
6 0.260937 0.087500 0.188281 0.135156
6 0.137500 0.885156 0.110937 0.225781
6 0.141406 0.646094 0.094531 0.227344
6 0.150000 0.404687 0.089844 0.243750
6 0.741406 0.357031 0.143750 0.243750
6 0.727344 0.550000 0.121875 0.167187
