6 0.1328125 0.17265625 0.2390625 0.3265625
6 0.9046875 0.253125 0.1890625 0.4734375
6 0.3609375 0.30390625 0.19140625 0.375
6 0.54296875 0.3109375 0.1765625 0.278125
6 0.734375 0.40390625 0.24765625 0.40859375
6 0.1453125 0.4859375 0.23046875 0.34140625
6 0.5375 0.56796875 0.228125 0.371875
6 0.35390625 0.6734375 0.184375 0.35
6 0.896875 0.6859375 0.2046875 0.4109375
6 0.7296875 0.73828125 0.19765625 0.3234375
6 0.14296875 0.80703125 0.1921875 0.296875
6 0.3875 0.909375 0.31015625 0.17109375
6 0.778125 0.90078125 0.44296875 0.1734375
6 0.48359375 0.08515625 0.2609375 0.1703125
6 0.703125 0.1078125 0.21953125 0.215625