6 0.5 0.5 0.99921875 0.99921875
6 0.32890625 0.5640625 0.31328125 0.39921875
6 0.11484375 0.5609375 0.1875 0.303125
6 0.67265625 0.621875 0.32421875 0.38984375
6 0.45546875 0.82109375 0.2296875 0.27421875
6 0.859375 0.84609375 0.2796875 0.30625
6 0.17890625 0.85390625 0.27421875 0.29140625
6 0.64453125 0.89765625 0.35390625 0.20234375
6 0.28671875 0.22734375 0.2515625 0.30234375
6 0.71171875 0.28828125 0.346875 0.39296875
6 0.08671875 0.2421875 0.16171875 0.271875
6 0.4765625 0.31875 0.25859375 0.3734375