30 0.24765625 0.16484375 0.2203125 0.3296875
30 0.4515625 0.1359375 0.134375 0.271875
30 0.6046875 0.10625 0.1484375 0.2125
30 0.76171875 0.30546875 0.1765625 0.29375
30 0.59375 0.38828125 0.16875 0.3109375
30 0.43828125 0.478125 0.178125 0.3453125
30 0.2171875 0.609375 0.26875 0.3296875
30 0.390625 0.8390625 0.1765625 0.3046875
30 0.5546875 0.7734375 0.178125 0.3609375
30 0.74296875 0.6921875 0.1640625 0.375
30 0.91796875 0.62109375 0.1515625 0.3421875
30 0.89921875 0.89140625 0.1890625 0.209375
30 0.9125 0.2484375 0.165625 0.3265625
30 0.07421875 0.2296875 0.1484375 0.415625
