7 0.40625 0.6890625 0.128515625 0.130859375
7 0.3625 0.621875 0.11875 0.119140625
7 0.3171875 0.559375 0.10859375 0.116015625
7 0.265625 0.2875 0.096484375 0.102734375
7 0.5453125 0.34375 0.096875 0.108984375
7 0.6078125 0.30625 0.096484375 0.10078125
7 0.7421875 0.6125 0.096484375 0.11171875
7 0.784375 0.2609375 0.1 0.08984375
7 0.8390625 0.3203125 0.105859375 0.077734375
7 0.846875 0.3984375 0.131640625 0.084765625
7 0.6921875 0.271875 0.112890625 0.108984375
7 0.4796875 0.29375 0.112890625 0.109375
7 0.478125 0.7359375 0.10703125 0.106640625
7 0.8265625 0.4734375 0.11875 0.094140625
7 0.7921875 0.546875 0.097265625 0.09296875
7 0.6765625 0.6734375 0.10859375 0.118359375
7 0.6109375 0.7234375 0.125390625 0.128125
7 0.540625 0.78125 0.118359375 0.118359375
7 0.2515625 0.509375 0.122265625 0.11953125
7 0.2453125 0.434375 0.100390625 0.096484375
7 0.225 0.35625 0.109765625 0.102734375
7 0.3328125 0.25 0.078125 0.115234375
7 0.4125 0.25625 0.099609375 0.108984375
