7 0.3453125 0.671875 0.125390625 0.128125
7 0.3015625 0.603125 0.112109375 0.11171875
7 0.253125 0.540625 0.1 0.109765625
7 0.2 0.259375 0.108984375 0.115625
7 0.4890625 0.3171875 0.097265625 0.109765625
7 0.553125 0.278125 0.096484375 0.103515625
7 0.690625 0.59375 0.100390625 0.116015625
7 0.734375 0.23125 0.108984375 0.097265625
7 0.790625 0.29375 0.116015625 0.1
7 0.8 0.3734375 0.14453125 0.10859375
7 0.6390625 0.24375 0.108984375 0.10078125
7 0.4203125 0.265625 0.119140625 0.115234375
7 0.41875 0.721875 0.115625 0.11328125
7 0.778125 0.4515625 0.12421875 0.1
7 0.74375 0.5265625 0.116015625 0.112109375
7 0.625 0.6578125 0.115625 0.124609375
7 0.55625 0.7078125 0.13046875 0.13125
7 0.484375 0.76875 0.125390625 0.125390625
7 0.1859375 0.4875 0.12265625 0.119140625
7 0.1796875 0.4109375 0.115625 0.112890625
7 0.159375 0.3296875 0.121875 0.116015625
7 0.2703125 0.2234375 0.096484375 0.121484375
7 0.3515625 0.2265625 0.090234375 0.103515625
