7 0.6109375 0.6859375 0.1015625 0.1046875
7 0.6515625 0.6234375 0.0921875 0.0921875
7 0.6953125 0.565625 0.0890625 0.1
7 0.74375 0.3109375 0.0890625 0.09375
7 0.48125 0.3640625 0.0828125 0.0953125
7 0.4234375 0.328125 0.075 0.084375
7 0.2984375 0.6140625 0.0859375 0.1015625
7 0.259375 0.2859375 0.0921875 0.08125
7 0.2078125 0.3421875 0.09375 0.06875
7 0.2 0.4140625 0.121875 0.078125
7 0.3453125 0.296875 0.090625 0.0828125
7 0.54375 0.3171875 0.0921875 0.0859375
7 0.5453125 0.7296875 0.0890625 0.0875
7 0.21875 0.4859375 0.1 0.0703125
7 0.2515625 0.553125 0.090625 0.084375
7 0.359375 0.6703125 0.0890625 0.1015625
7 0.4203125 0.7171875 0.096875 0.1
7 0.4859375 0.771875 0.0953125 0.0953125
7 0.75625 0.5171875 0.096875 0.0921875
7 0.7609375 0.4484375 0.0890625 0.084375
7 0.7796875 0.375 0.0953125 0.0890625
7 0.6796875 0.275 0.0703125 0.1046875
7 0.60625 0.2828125 0.078125 0.090625
