11 0.040025 0.779449 0.080050 0.194112
11 0.051032 0.861997 0.102064 0.207120
11 0.068542 0.894515 0.121075 0.158091
11 0.088055 0.790956 0.152094 0.221128
11 0.149094 0.653376 0.090056 0.160093
11 0.178111 0.802462 0.094059 0.346199
11 0.407755 0.385222 0.529331 0.578333
11 0.247655 0.823975 0.103064 0.303174
11 0.369731 0.831979 0.175110 0.287165
11 0.396248 0.736424 0.220138 0.314181
11 0.555347 0.680892 0.148093 0.387224
11 0.520326 0.919029 0.074046 0.113064
11 0.635898 0.805464 0.129082 0.340195
11 0.671920 0.429748 0.115072 0.283163
11 0.727454 0.288667 0.226141 0.225130
11 0.684428 0.612353 0.098062 0.082047
11 0.713946 0.533808 0.063038 0.109062
11 0.733458 0.439253 0.086053 0.104061
11 0.752970 0.788954 0.117074 0.373215
11 0.772483 0.520300 0.078048 0.226131
11 0.775485 0.164595 0.084051 0.089051
11 0.875047 0.264152 0.173109 0.176102
11 0.861538 0.663882 0.142088 0.283163
11 0.876048 0.366211 0.141088 0.250145
11 0.843527 0.871001 0.068043 0.209120
11 0.888555 0.524302 0.060038 0.136078
11 0.940588 0.383221 0.156098 0.246143
11 0.927580 0.854492 0.088056 0.242139
11 0.955097 0.613354 0.119074 0.190109
