21 0.080313 0.646250 0.159375 0.229166
21 0.146250 0.395834 0.132500 0.193333
21 0.195312 0.172084 0.140625 0.159167
21 0.237188 0.517917 0.163125 0.230833
21 0.297812 0.273750 0.139375 0.189166
21 0.358438 0.670417 0.173125 0.232500
21 0.396250 0.406250 0.150000 0.189166
21 0.435000 0.180000 0.142500 0.170000
21 0.699688 0.390000 0.158125 0.228334
21 0.710000 0.141250 0.152500 0.192500
21 0.845000 0.540833 0.177500 0.261667
21 0.843750 0.264167 0.156250 0.218333
21 0.949687 0.158333 0.099375 0.190000
21 0.960000 0.424167 0.078750 0.215000
