12 0.87265625 0.7265625 0.2546875 0.196875
12 0.115625 0.6890625 0.23125 0.1796875
12 0.1234375 0.48203125 0.246875 0.20625
12 0.4625 0.33203125 0.5625 0.15625
12 0.86875 0.35078125 0.2625 0.1796875
12 0.25390625 0.940625 0.415625 0.11875
12 0.784375 0.83359375 0.43125 0.1640625
12 0.4 0.0609375 0.415625 0.121875
12 0.4078125 0.91953125 0.4765625 0.1609375
12 0.53671875 0.715625 0.4390625 0.203125
12 0.81171875 0.92578125 0.3765625 0.1484375
12 0.50546875 0.50078125 0.515625 0.175
12 0.13828125 0.17734375 0.2765625 0.203125
12 0.50390625 0.1390625 0.440625 0.20625
12 0.88828125 0.52578125 0.2234375 0.165625
