12 0.63515625 0.215625 0.165625 0.25
12 0.44296875 0.2421875 0.2015625 0.23125
12 0.29609375 0.48046875 0.153125 0.325
12 0.309375 0.765625 0.16875 0.2546875
12 0.66640625 0.78671875 0.175 0.275
12 0.9203125 0.884375 0.159375 0.23125
12 0.89140625 0.3703125 0.14375 0.25625
12 0.7578125 0.66953125 0.1453125 0.2578125
12 0.07265625 0.88203125 0.1453125 0.2359375
12 0.0484375 0.43828125 0.096875 0.2359375
12 0.3390625 0.178125 0.15 0.221875
12 0.14453125 0.08671875 0.1234375 0.1734375
12 0.79296875 0.053125 0.1234375 0.10625
12 0.88671875 0.13359375 0.1859375 0.221875
12 0.8609375 0.4453125 0.165625 0.253125
12 0.665625 0.52109375 0.19375 0.2578125
12 0.4703125 0.5109375 0.1734375 0.290625
12 0.48671875 0.79765625 0.15625 0.309375
12 0.12109375 0.5015625 0.2 0.259375
12 0.16328125 0.27109375 0.19375 0.21875
12 0.0484375 0.2109375 0.096875 0.21875
12 0.19609375 0.15625 0.14375 0.20625
12 0.49609375 0.1203125 0.134375 0.1953125
12 0.89375 0.7 0.1984375 0.2546875
12 0.2109375 0.67734375 0.159375 0.2734375
12 0.0671875 0.6546875 0.134375 0.23125
12 0.7546875 0.91796875 0.171875 0.1640625
