12 0.76328125 0.87734375 0.1703125 0.1125
12 0.60625 0.90703125 0.1546875 0.121875
12 0.71171875 0.7671875 0.146875 0.115625
12 0.553125 0.7953125 0.134375 0.103125
12 0.66484375 0.6546875 0.15625 0.1125
12 0.5125 0.684375 0.15 0.109375
12 0.6140625 0.54609375 0.140625 0.09375
12 0.4609375 0.5875 0.14375 0.10625
12 0.56953125 0.43671875 0.1546875 0.103125
12 0.4203125 0.471875 0.1609375 0.096875
12 0.5265625 0.33203125 0.140625 0.1046875
12 0.378125 0.3671875 0.14375 0.1109375
12 0.57109375 0.04140625 0.1546875 0.0828125
12 0.446875 0.1203125 0.134375 0.1
12 0.33515625 0.18671875 0.1484375 0.10625
12 0.20859375 0.25625 0.153125 0.090625
12 0.0796875 0.32890625 0.128125 0.096875
12 0.01484375 0.40078125 0.0296875 0.1
12 0.3484375 0.04140625 0.1375 0.0828125
12 0.22734375 0.10546875 0.153125 0.0953125
12 0.10390625 0.17890625 0.1625 0.103125
12 0.02734375 0.2453125 0.0546875 0.103125
