12 0.66953125 0.9046875 0.09765625 0.17578125
12 0.5609375 0.8359375 0.0859375 0.17578125
12 0.23671875 0.565625 0.1109375 0.20078125
12 0.34296875 0.67890625 0.11875 0.16484375
12 0.3484375 0.3515625 0.13828125 0.1625
12 0.26796875 0.26484375 0.1140625 0.1953125
12 0.525 0.29921875 0.1140625 0.1609375
12 0.41640625 0.2046875 0.10625 0.2078125
12 0.36640625 0.50625 0.1484375 0.1625
12 0.46015625 0.42734375 0.1125 0.19453125
12 0.540625 0.4390625 0.109375 0.1484375
12 0.44765625 0.696875 0.11796875 0.18984375
