10 0.018028846153846152 0.09975961538461539 0.03365384615384615 0.07932692307692307
10 0.3858173076923077 0.5168269230769231 0.7692307692307693 0.7067307692307693
10 0.1622596153846154 0.08774038461538461 0.2091346153846154 0.125
10 0.6862980769230769 0.7211538461538461 0.19230769230769232 0.11778846153846154
10 0.8197115384615384 0.8617788461538461 0.20673076923076922 0.1778846153846154
10 0.8329326923076923 0.6370192307692307 0.21153846153846154 0.14423076923076922
10 0.8713942307692307 0.4375 0.25240384615384615 0.15144230769230768
10 0.8725961538461539 0.2956730769230769 0.25 0.13221153846153846
10 0.8894230769230769 0.051682692307692304 0.21634615384615385 0.0985576923076923
10 0.890625 0.1814903846153846 0.21394230769230768 0.09134615384615384
10 0.9170673076923077 0.8100961538461539 0.16105769230769232 0.11778846153846154
10 0.9651442307692307 0.6358173076923077 0.06490384615384616 0.1778846153846154
