21 0.033438 0.707602 0.066875 0.178780
21 0.085000 0.912698 0.170000 0.172933
21 0.168750 0.771512 0.152500 0.238095
21 0.561875 0.954887 0.206250 0.088555
21 0.556562 0.627819 0.170625 0.201337
21 0.725625 0.390977 0.485000 0.675021
21 0.557813 0.322890 0.144375 0.191311
21 0.610625 0.160819 0.165000 0.218045
21 0.647812 0.465747 0.146875 0.194653
21 0.715625 0.836257 0.215000 0.280702
21 0.721875 0.316625 0.163750 0.217210
21 0.705937 0.590643 0.118125 0.096909
21 0.779062 0.177945 0.145625 0.170426
21 0.790312 0.481203 0.150625 0.208856
21 0.841250 0.955723 0.136250 0.086884
21 0.878750 0.646617 0.170000 0.212197
21 0.887187 0.291563 0.145625 0.160401
