11 0.8283482142857144 0.6890625 0.34330357142857143 0.47379464285714284
11 0.6682142857142858 0.7930803571428572 0.5702678571428571 0.4138839285714285
11 0.24915178571428573 0.12455357142857142 0.16705357142857144 0.21455357142857143
11 0.20379464285714285 0.22107142857142859 0.16848214285714286 0.18
11 0.3060267857142857 0.31540178571428573 0.1627232142857143 0.1699107142857143
11 0.6675000000000001 0.20450892857142858 0.23763392857142857 0.16705357142857144
11 0.19584821428571428 0.6926785714285714 0.33120535714285715 0.16705357142857144
11 0.1332142857142857 0.35642857142857143 0.15986607142857143 0.18
11 0.11160714285714286 0.5342857142857144 0.14544642857142856 0.17857142857142858
11 0.15191964285714285 0.8467857142857144 0.3038392857142857 0.15839285714285714
11 0.25343750000000004 0.9385267857142857 0.40897321428571426 0.12299107142857144
11 0.5328125 0.5616517857142858 0.24482142857142858 0.19875
11 0.7423660714285714 0.37080357142857145 0.23473214285714286 0.1396875
