11 0.4471428571428571 0.40897321428571426 0.1972767857142857 0.11232142857142857
11 0.5824999999999999 0.25343750000000004 0.08785714285714286 0.14401785714285714
11 0.5594642857142856 0.1569642857142857 0.17714285714285713 0.06910714285714285
11 0.3233035714285714 0.25343750000000004 0.15120535714285713 0.16415178571428574
11 0.20379464285714285 0.3449107142857143 0.09647321428571429 0.12241071428571429
11 0.21745535714285716 0.6783035714285715 0.09218749999999999 0.20160714285714285
11 0.31464285714285717 0.5616517857142858 0.15410714285714286 0.09794642857142857
11 0.4140178571428571 0.5674107142857142 0.09361607142857142 0.14111607142857144
11 0.5817857142857142 0.7791071428571429 0.10080357142857142 0.19299107142857141
11 0.6631696428571429 0.7142857142857143 0.08785714285714286 0.15839285714285714
11 0.8827678571428572 0.5731696428571428 0.1555357142857143 0.146875
11 0.7186160714285714 0.6105803571428572 0.17857142857142858 0.10370535714285714
11 0.7545982142857143 0.5544196428571428 0.17857142857142858 0.10080357142857142
11 0.4975446428571429 0.5839732142857142 0.07919642857142857 0.165625
11 0.7106696428571428 0.4277232142857143 0.11950892857142857 0.12674107142857144
11 0.7697321428571428 0.30026785714285714 0.15410714285714286 0.08785714285714286
11 0.18504464285714287 0.5486607142857143 0.08209821428571429 0.1065625
11 0.29665178571428574 0.6609821428571429 0.09218749999999999 0.1065625
11 0.3607589285714286 0.6970089285714286 0.09647321428571429 0.14111607142857144
11 0.43200892857142853 0.6962946428571428 0.08638392857142858 0.17138392857142856
11 0.5580357142857143 0.6429910714285715 0.19151785714285713 0.11375
11 0.5004464285714285 0.7502678571428572 0.11950892857142857 0.146875
11 0.7646875 0.7387499999999999 0.1065625 0.1065625
11 0.8489285714285714 0.6869196428571429 0.11950892857142857 0.12383928571428571
11 0.9036607142857143 0.4442857142857143 0.12526785714285713 0.10513392857142857
11 0.8042857142857143 0.44571428571428573 0.11375 0.061919642857142854
11 0.7510267857142857 0.5025892857142857 0.099375 0.05183035714285714
11 0.6365178571428572 0.46875 0.14401785714285714 0.056160714285714286
11 0.615625 0.51125 0.10513392857142857 0.07486607142857142
11 0.5796428571428571 0.5558928571428571 0.09071428571428572 0.09504464285714286
11 0.501875 0.31540178571428573 0.09647321428571429 0.12098214285714286
11 0.7495535714285715 0.2167410714285714 0.14258928571428572 0.07919642857142857
11 0.69125 0.2289732142857143 0.13825892857142857 0.09794642857142857
11 0.6645982142857143 0.28513392857142855 0.10223214285714285 0.07776785714285715
11 0.49825892857142856 0.231875 0.1065625 0.06334821428571429
11 0.32691964285714287 0.4824107142857143 0.1900892857142857 0.08062499999999999
