11 0.43058035714285714 0.32258928571428575 0.18723214285714285 0.4752232142857143
11 0.12674107142857144 0.48964285714285716 0.25343750000000004 0.5702678571428571
11 0.20808035714285714 0.24767857142857141 0.2664285714285714 0.4954017857142857
11 0.6696428571428571 0.39026785714285717 0.23330357142857142 0.3686607142857143
11 0.6739732142857143 0.7750446428571429 0.28513392857142855 0.44986607142857143
11 0.45147321428571424 0.8247321428571429 0.23763392857142857 0.3505357142857143
11 0.3233035714285714 0.7524553571428572 0.22321428571428573 0.41044642857142855
11 0.16776785714285714 0.8823660714285715 0.33553571428571427 0.2353125
11 0.8179910714285714 0.8081696428571429 0.1900892857142857 0.3836607142857143
11 0.8251785714285714 0.3463392857142857 0.19875 0.26066964285714284
11 0.7020535714285714 0.18575892857142856 0.17138392857142856 0.3053125
11 0.4745089285714286 0.18794642857142857 0.14258928571428572 0.3758482142857143
