11 0.8232421875 0.273992673992674 0.294921875 0.41904761904761906
11 0.6748046875 0.4256410256410256 0.498046875 0.2945054945054945
11 0.51171875 0.17875457875457876 0.46484375 0.3575091575091575
11 0.2724609375 0.19487179487179487 0.544921875 0.16117216117216118
11 0.30859375 0.4717948717948718 0.5 0.4776556776556777
11 0.611328125 0.6293040293040293 0.453125 0.2915750915750916
11 0.833984375 0.7421245421245422 0.19921875 0.38534798534798537
11 0.4375 0.4153846153846154 0.42578125 0.3238095238095238
11 0.3251953125 0.7597069597069597 0.548828125 0.16556776556776556
11 0.3427734375 0.865934065934066 0.630859375 0.13186813186813187
11 0.390625 0.6512820512820513 0.625 0.2153846153846154
