11 0.7611607142857143 0.19642857142857142 0.46875 0.39285714285714285
11 0.4082589285714286 0.658125 0.30959821428571427 0.1295982142857143
11 0.6502232142857143 0.748125 0.2289732142857143 0.11375
11 0.8309375 0.8626339285714285 0.3110714285714286 0.19584821428571428
11 0.46370535714285716 0.8388392857142858 0.17857142857142858 0.16848214285714286
11 0.6077232142857143 0.8755803571428571 0.1699107142857143 0.146875
11 0.9104464285714285 0.7258035714285714 0.17915178571428572 0.10370535714285714
11 0.42625 0.5299553571428571 0.22178571428571428 0.16129464285714287
11 0.20736607142857144 0.5198660714285714 0.3053125 0.17857142857142858
11 0.23906249999999998 0.6105803571428572 0.25343750000000004 0.18147321428571428
11 0.3016964285714286 0.27218749999999997 0.15120535714285713 0.213125
11 0.43705357142857143 0.16776785714285714 0.1972767857142857 0.13392857142857142
11 0.6163392857142858 0.3477678571428572 0.20736607142857144 0.13683035714285713
11 0.15410714285714286 0.3852232142857143 0.2591964285714286 0.13683035714285713
11 0.21959821428571427 0.17209821428571428 0.231875 0.13102678571428572
11 0.6898214285714286 0.6206696428571429 0.14401785714285714 0.16705357142857144
11 0.8201339285714286 0.6415625 0.15986607142857143 0.09647321428571429
