11 0.7966517857142856 0.6487499999999999 0.40669642857142857 0.4766517857142857
11 0.24482142857142858 0.9241071428571429 0.38308035714285715 0.15178571428571427
11 0.14183035714285713 0.8295089285714285 0.2837053571428571 0.16705357142857144
11 0.18504464285714287 0.6811607142857143 0.29808035714285713 0.1900892857142857
11 0.08209821428571429 0.5249107142857142 0.13535714285714287 0.17714285714285713
11 0.10294642857142856 0.3600446428571429 0.1627232142857143 0.17566964285714287
11 0.2786607142857143 0.29379464285714285 0.1627232142857143 0.1728125
11 0.37080357142857145 0.3449107142857143 0.1627232142857143 0.16848214285714286
11 0.17495535714285712 0.21098214285714284 0.16848214285714286 0.18575892857142856
11 0.21241071428571429 0.12241071428571429 0.17138392857142856 0.2160267857142857
11 0.3211607142857143 0.1159375 0.13535714285714287 0.20017857142857146
11 0.6970089285714286 0.33339285714285716 0.22464285714285714 0.13392857142857142
11 0.8669196428571428 0.4673214285714286 0.2649553571428572 0.13102678571428572
11 0.49107142857142855 0.5141071428571429 0.2304017857142857 0.15839285714285714
11 0.6365178571428572 0.16058035714285715 0.25343750000000004 0.18575892857142856
