11 0.7763320463320463 0.44180412371134015 0.44733590733590733 0.18850515463917525
11 0.8518918918918919 0.5891237113402062 0.29617760617760613 0.2120618556701031
11 0.8386486486486486 0.8379896907216494 0.3226640926640926 0.324020618556701
11 0.6254826254826255 0.7776288659793815 0.16104247104247105 0.38881443298969076
11 0.41092664092664094 0.8726288659793814 0.4953281853281853 0.2547938144329897
11 0.20077220077220076 0.6443298969072165 0.3088803088803089 0.1840721649484536
11 0.14065637065637066 0.48010309278350516 0.2813127413127413 0.1531443298969072
11 0.40320463320463323 0.5147422680412371 0.38057915057915054 0.22530927835051548
11 0.5339382239382239 0.2982474226804124 0.4434749034749035 0.28128865979381446
11 0.7887644787644787 0.18190721649484537 0.34637065637065634 0.3637628865979381
11 0.4004247104247104 0.23417525773195877 0.35301158301158303 0.3652577319587629
11 0.35633204633204635 0.14283505154639176 0.2801930501930502 0.2857216494845361
11 0.15884169884169885 0.9410824742268041 0.31772200772200776 0.11783505154639175
11 0.10698841698841699 0.20618556701030927 0.214015444015444 0.41237113402061853
