11 0.24553571428571427 0.41044642857142855 0.25776785714285716 0.5789285714285715
11 0.5393303571428572 0.31035714285714283 0.3182589285714286 0.13392857142857142
11 0.6502232142857143 0.4745089285714286 0.32401785714285714 0.20017857142857146
11 0.7466964285714285 0.5623660714285714 0.2692857142857143 0.13392857142857142
11 0.615625 0.7121428571428572 0.18 0.3125
11 0.7402232142857142 0.715 0.18147321428571428 0.14834821428571426
11 0.07633928571428572 0.8607589285714285 0.15263392857142857 0.27852678571428574
11 0.13754464285714285 0.7229464285714285 0.1829017857142857 0.2908928571428571
11 0.27794642857142854 0.09218749999999999 0.21026785714285715 0.09794642857142857
11 0.42843749999999997 0.14040178571428572 0.11665178571428571 0.14258928571428572
11 0.6199553571428572 0.19370535714285714 0.1569642857142857 0.10223214285714285
