11 0.38623046875 0.26713286713286716 0.2099609375 0.5342657342657343
11 0.154296875 0.427972027972028 0.22265625 0.579020979020979
11 0.51904296875 0.8167832167832167 0.4365234375 0.2629370629370629
11 0.54833984375 0.38181818181818183 0.1943359375 0.5482517482517483
11 0.701171875 0.6013986013986014 0.240234375 0.413986013986014
11 0.767578125 0.386013986013986 0.234375 0.5314685314685315
11 0.90966796875 0.44265734265734263 0.1708984375 0.5132867132867133
11 0.23876953125 0.9013986013986014 0.4013671875 0.1972027972027972
11 0.818359375 0.8811188811188811 0.19921875 0.23776223776223776
11 0.64208984375 0.1055944055944056 0.3232421875 0.2111888111888112
