11 0.7668303571428572 0.4954017857142857 0.3412946428571429 0.625
11 0.05254464285714285 0.29160714285714284 0.10513392857142857 0.19441964285714283
11 0.17642857142857143 0.2203125 0.08495535714285715 0.213125
11 0.16776785714285714 0.8438839285714286 0.18575892857142856 0.29379464285714285
11 0.5025892857142857 0.7833928571428571 0.2649553571428572 0.1900892857142857
11 0.3953125 0.8863839285714287 0.28946428571428573 0.11950892857142857
11 0.2563392857142857 0.18433035714285714 0.11232142857142857 0.21026785714285715
11 0.3398660714285714 0.23906249999999998 0.09794642857142857 0.18433035714285714
11 0.40468750000000003 0.07415178571428571 0.20736607142857144 0.14834821428571426
11 0.24482142857142858 0.6725446428571429 0.16415178571428574 0.27651785714285715
