11 0.5898666666666667 0.3108666666666667 0.28986666666666666 0.39276666666666665
11 0.3652333333333333 0.5376666666666667 0.5333333333333333 0.229
11 0.7413 0.7014333333333334 0.5058 0.15943333333333332
11 0.2369666666666667 0.7529 0.40723333333333334 0.27099999999999996
11 0.2840666666666667 0.8695666666666667 0.5391333333333334 0.2608666666666667
11 0.5224666666666667 0.9478333333333334 0.45363333333333333 0.10433333333333333
11 0.8623333333333333 0.9014333333333333 0.27536666666666665 0.1971
11 0.6992666666666667 0.8558 0.43333333333333335 0.14346666666666666
11 0.8108666666666666 0.5246333333333333 0.3782666666666667 0.1971
11 0.8166666666666667 0.38986666666666664 0.36666666666666664 0.2
11 0.8572333333333334 0.23766666666666666 0.28550000000000003 0.1971
11 0.8608666666666667 0.08406666666666666 0.27826666666666666 0.1681
11 0.21013333333333334 0.2905666666666667 0.4203 0.2942
11 0.42319999999999997 0.121 0.48696666666666666 0.24203333333333332
11 0.5782666666666666 0.1739 0.3594333333333333 0.3478333333333333
11 0.07826666666666666 0.5521666666666667 0.15653333333333333 0.4203
11 0.15433333333333332 0.08333333333333333 0.3087 0.16666666666666666
