11 0.5417391304347826 0.6367213114754099 0.4555072463768116 0.3952049180327869
11 0.6254106280193237 0.49327868852459017 0.24328502415458936 0.4098360655737705
11 0.810048309178744 0.630860655737705 0.17082125603864734 0.3717622950819672
11 0.44859903381642513 0.7047540983606557 0.4796618357487923 0.3059016393442623
11 0.6763285024154589 0.29860655737704916 0.2381159420289855 0.3717622950819672
11 0.4779227053140097 0.35200819672131145 0.1552657004830918 0.3176229508196721
11 0.5408695652173913 0.14418032786885246 0.15357487922705312 0.23565573770491804
11 0.36835748792270534 0.12147540983606557 0.18115942028985507 0.24299180327868852
11 0.33642512077294684 0.31836065573770495 0.16908212560386474 0.26491803278688525
11 0.20531400966183574 0.42008196721311475 0.24497584541062803 0.29860655737704916
11 0.13801932367149758 0.24811475409836065 0.1932367149758454 0.17418032786885246
11 0.2277294685990338 0.13028688524590162 0.17942028985507247 0.22831967213114754
