11 0.7865455287872601 0.5690448791714614 0.40526745610453246 0.4614499424626007
11 0.8554512045732953 0.4096662830840046 0.24703960800326663 0.522439585730725
11 0.6885463454471212 0.7180667433831991 0.4930583911800735 0.31990794016110474
11 0.518579011841568 0.7686996547756041 0.518579011841568 0.34982738780207134
11 0.2883830134748877 0.8411967779056386 0.5359330338913842 0.23475258918296893
11 0.16741527153940383 0.6329113924050633 0.33483054307880766 0.33141542002301494
11 0.19599836668027767 0.47583429228998847 0.23274806043282972 0.36018411967779057
11 0.3276847692935892 0.47468354430379744 0.24091465904450796 0.33256616800920596
11 0.4267047774601878 0.44649021864211735 0.36137198856676195 0.31990794016110474
11 0.5680890159248673 0.4672036823935558 0.37260106165781953 0.4441887226697353
11 0.6512862392813393 0.2928653624856157 0.14087382605144957 0.20828538550057538
11 0.4726418946508779 0.22669735327963175 0.25316455696202533 0.25776754890678943
11 0.6027970600244998 0.18872266973532797 0.19497754185381788 0.22094361334867663
11 0.745712535728869 0.18872266973532797 0.4644752960391997 0.285385500575374
11 0.3297264189465088 0.238204833141542 0.25520620661494486 0.30149597238204834
11 0.17864434463046142 0.3147295742232451 0.1694569211923234 0.12543153049482164
