11 0.423828125 0.38399412628487517 0.2734375 0.7679882525697503
11 0.68359375 0.6989720998531571 0.177734375 0.6020558002936858
11 0.8857421875 0.3568281938325991 0.228515625 0.31718061674008813
11 0.86083984375 0.18355359765051396 0.2783203125 0.3054331864904552
11 0.388671875 0.7826725403817915 0.44140625 0.434654919236417
11 0.16650390625 0.31938325991189426 0.3330078125 0.4243759177679883
11 0.4111328125 0.2173274596182085 0.375 0.434654919236417
11 0.189453125 0.11600587371512482 0.37890625 0.23201174743024963
11 0.205078125 0.5631424375917768 0.33984375 0.4067547723935389
11 0.859375 0.6754772393538914 0.28125 0.30837004405286345
11 0.64013671875 0.394273127753304 0.2548828125 0.32158590308370044
