11 0.44785714285714284 0.2988392857142857 0.34848214285714285 0.15986607142857143
11 0.6825892857142858 0.6883482142857142 0.3686607142857143 0.23330357142857142
11 0.6494642857142857 0.10870535714285715 0.10946428571428571 0.1972767857142857
11 0.911875 0.15263392857142857 0.17625 0.1325
11 0.25272321428571426 0.123125 0.2289732142857143 0.23473214285714286
11 0.06986607142857143 0.7833928571428571 0.1396875 0.3686607142857143
11 0.23473214285714286 0.5609375 0.27651785714285715 0.165625
11 0.40392857142857147 0.5652232142857143 0.1972767857142857 0.22321428571428573
11 0.5745982142857143 0.5817857142857142 0.13825892857142857 0.2591964285714286
11 0.45651785714285714 0.7683035714285714 0.1325 0.32691964285714287
11 0.5702678571428571 0.8686607142857143 0.2160267857142857 0.26267857142857143
11 0.7474107142857143 0.8729910714285715 0.19584821428571428 0.25401785714285713
11 0.8892410714285715 0.8165178571428572 0.1829017857142857 0.3168303571428571
11 0.8960267857142857 0.3196875 0.20794642857142856 0.1728125
11 0.255625 0.42843749999999997 0.33267857142857143 0.10513392857142857
11 0.06696428571428571 0.23401785714285714 0.13392857142857142 0.19151785714285713
