11 0.12526785714285713 0.6703571428571429 0.24482142857142858 0.34995535714285714
11 0.4277232142857143 0.6638839285714286 0.48964285714285716 0.25058035714285715
11 0.2908928571428571 0.4838839285714286 0.4493303571428572 0.18147321428571428
11 0.4413839285714286 0.35857142857142854 0.35571428571428576 0.24191964285714285
11 0.1821875 0.2837053571428571 0.2116964285714286 0.2620982142857143
11 0.3261607142857143 0.12602678571428572 0.13102678571428572 0.24049107142857143
11 0.7596428571428572 0.615625 0.38160714285714287 0.3672321428571429
11 0.3542410714285714 0.7833928571428571 0.3254464285714286 0.27651785714285715
11 0.7268303571428572 0.9327678571428571 0.5463839285714286 0.13450892857142857
11 0.8513839285714286 0.5702678571428571 0.29723214285714283 0.3513839285714285
11 0.8722767857142857 0.3449107142857143 0.2554910714285714 0.32691964285714287
