12 0.803125 0.78125 0.2140625 0.228125
12 0.57734375 0.28984375 0.190625 0.24375
12 0.9375 0.146875 0.125 0.28125
12 0.875 0.56484375 0.2296875 0.228125
12 0.66171875 0.66484375 0.1703125 0.2484375
12 0.98046875 0.496875 0.0375 0.2234375
12 0.8015625 0.284375 0.20625 0.196875
12 0.54765625 0.49296875 0.14375 0.2484375
12 0.71328125 0.453125 0.19375 0.2125
12 0.83125 0.121875 0.1859375 0.2015625
12 0.3578125 0.74453125 0.15625 0.2046875
12 0.3390625 0.92265625 0.15 0.1546875
12 0.2234375 0.6609375 0.146875 0.20625
12 0.21484375 0.88125 0.14375 0.19375
12 0.07890625 0.79921875 0.1578125 0.1953125
12 0.10390625 0.58515625 0.146875 0.2203125
12 0.0703125 0.9484375 0.140625 0.103125
