30 0.20234375 0.1796875 0.19296875 0.16953125
30 0.1890625 0.38828125 0.18515625 0.23984375
30 0.1140625 0.6234375 0.1734375 0.228125
30 0.40234375 0.38359375 0.17734375 0.23984375
30 0.309375 0.61796875 0.19140625 0.27265625
30 0.6109375 0.346875 0.19296875 0.2671875
30 0.51640625 0.565625 0.18671875 0.25703125
30 0.73203125 0.56640625 0.23125 0.28671875
30 0.228125 0.8140625 0.225 0.22265625
30 0.43203125 0.7796875 0.1953125 0.28828125
30 0.63828125 0.74921875 0.19921875 0.278125
30 0.85546875 0.74921875 0.20859375 0.25234375
30 0.92109375 0.54140625 0.1578125 0.265625
