12 0.76484375 0.54453125 0.28125 0.1390625
12 0.38515625 0.20078125 0.2421875 0.1359375
12 0.9125 0.13359375 0.175 0.1375
12 0.3546875 0.478125 0.240625 0.1359375
12 0.54765625 0.3953125 0.2484375 0.1359375
12 0.25625 0.66328125 0.2515625 0.1546875
12 0.6375 0.05390625 0.2640625 0.1078125
12 0.290625 0.04609375 0.2421875 0.0875
12 0.146875 0.12109375 0.2265625 0.121875
12 0.7828125 0.1859375 0.234375 0.1375
12 0.771875 0.346875 0.2484375 0.128125
12 0.53359375 0.5953125 0.2328125 0.140625
12 0.2296875 0.390625 0.25 0.1390625
12 0.353125 0.29140625 0.25625 0.115625
12 0.63984375 0.23125 0.24375 0.13125
12 0.51953125 0.0953125 0.25625 0.115625
12 0.16015625 0.22734375 0.23125 0.1015625
12 0.11171875 0.46953125 0.209375 0.121875
12 0.91875 0.6453125 0.1625 0.134375
12 0.9703125 0.30625 0.059375 0.140625
12 0.915625 0.2828125 0.16875 0.11875
12 0.89609375 0.47265625 0.2078125 0.13125
12 0.57890625 0.7265625 0.2359375 0.15
12 0.921875 0.7359375 0.15625 0.13125
12 0.928125 0.9046875 0.14375 0.146875
12 0.73046875 0.87734375 0.271875 0.140625
12 0.86328125 0.97421875 0.234375 0.0515625
12 0.48046875 0.90078125 0.24375 0.146875
12 0.42109375 0.7203125 0.209375 0.1296875
12 0.2203125 0.76484375 0.2375 0.1125
12 0.14296875 0.95 0.234375 0.1
12 0.6328125 0.965625 0.253125 0.06875
12 0.3921875 0.859375 0.240625 0.1234375
12 0.3046875 0.96875 0.19375 0.0625
12 0.39296875 0.9859375 0.278125 0.028125
