12 0.9046875 0.73359375 0.190625 0.2671875
12 0.7265625 0.75703125 0.1953125 0.296875
12 0.55703125 0.57890625 0.225 0.2609375
12 0.34765625 0.88359375 0.2109375 0.2328125
12 0.2703125 0.371875 0.196875 0.30625
12 0.1671875 0.14140625 0.240625 0.2296875
12 0.60390625 0.16640625 0.215625 0.290625
12 0.98984375 0.41640625 0.01875 0.3
12 0.90078125 0.225 0.1984375 0.228125
12 0.8890625 0.48359375 0.190625 0.246875
12 0.70390625 0.41953125 0.2265625 0.234375
12 0.53203125 0.815625 0.2203125 0.24375
12 0.33828125 0.65703125 0.20625 0.221875
12 0.4640625 0.3578125 0.1859375 0.3
12 0.38203125 0.1296875 0.18125 0.253125
12 0.08125 0.396875 0.1625 0.30625
12 0.09921875 0.78046875 0.1984375 0.2609375
12 0.93828125 0.89453125 0.121875 0.2109375
12 0.1828125 0.9109375 0.1984375 0.178125
