12 0.50234375 0.2765625 0.184375 0.3359375
12 0.04296875 0.634375 0.0859375 0.359375
12 0.25078125 0.92578125 0.2171875 0.1484375
12 0.06953125 0.871875 0.1390625 0.25625
12 0.50546875 0.60625 0.228125 0.36875
12 0.0359375 0.128125 0.071875 0.25625
12 0.73828125 0.20703125 0.196875 0.38125
12 0.42890625 0.1125 0.19375 0.225
12 0.95859375 0.5609375 0.08125 0.390625
12 0.90546875 0.8140625 0.1890625 0.3203125
12 0.653125 0.46328125 0.1640625 0.3375
12 0.1375 0.4015625 0.2234375 0.31875
12 0.2921875 0.73828125 0.259375 0.35625
12 0.33046875 0.4015625 0.18125 0.390625
12 0.7375 0.7875 0.20625 0.35625
12 0.83515625 0.52890625 0.1796875 0.346875
12 0.96796875 0.27265625 0.0640625 0.225
12 0.85546875 0.16796875 0.15 0.284375
12 0.25078125 0.16640625 0.1671875 0.3328125
