12 0.31875 0.2515625 0.325 0.215625
12 0.3421875 0.0609375 0.3390625 0.121875
12 0.6875 0.0671875 0.328125 0.134375
12 0.66796875 0.26171875 0.309375 0.209375
12 0.653125 0.5015625 0.3203125 0.2078125
12 0.63984375 0.7296875 0.328125 0.209375
12 0.64609375 0.925 0.3390625 0.15
12 0.3109375 0.490625 0.3140625 0.2125
12 0.2875 0.7265625 0.325 0.2078125
12 0.29453125 0.92734375 0.315625 0.1453125
12 0.065625 0.05703125 0.13125 0.1140625
12 0.0625 0.24609375 0.125 0.215625
12 0.05390625 0.48828125 0.10625 0.2125
12 0.05078125 0.73203125 0.1015625 0.2203125
12 0.05703125 0.928125 0.1140625 0.140625
12 0.934375 0.06875 0.13125 0.1375
12 0.91953125 0.26015625 0.1609375 0.2203125
12 0.91953125 0.50390625 0.1609375 0.2125
12 0.9140625 0.72734375 0.171875 0.2046875
12 0.9140625 0.93125 0.171875 0.1375
