30 0.13203125 0.2328125 0.2015625 0.29921875
30 0.29140625 0.271875 0.1921875 0.30078125
30 0.46015625 0.31953125 0.15859375 0.36953125
30 0.56015625 0.1 0.1578125 0.2
30 0.74296875 0.10703125 0.1796875 0.2140625
30 0.91171875 0.12265625 0.1546875 0.2453125
30 0.63203125 0.321875 0.1859375 0.30859375
30 0.83984375 0.33984375 0.17578125 0.3484375
30 0.1296875 0.51640625 0.24375 0.36171875
30 0.33125 0.54765625 0.20078125 0.34453125
30 0.5265625 0.58671875 0.2046875 0.37734375
30 0.73125 0.63125 0.19296875 0.44375
30 0.91328125 0.68203125 0.1734375 0.43359375
30 0.06171875 0.82265625 0.1234375 0.3359375
30 0.2171875 0.828125 0.20078125 0.3359375
30 0.41015625 0.8453125 0.21328125 0.309375
30 0.6109375 0.88046875 0.209375 0.2390625
30 0.82265625 0.90546875 0.1921875 0.1890625
