12 0.57578125 0.8484375 0.290625 0.221875
12 0.575 0.65234375 0.3671875 0.165625
12 0.25078125 0.69765625 0.3171875 0.246875
12 0.20703125 0.2625 0.340625 0.1921875
12 0.4453125 0.1671875 0.3265625 0.171875
12 0.80625 0.1546875 0.2640625 0.1640625
12 0.70703125 0.0328125 0.228125 0.065625
12 0.8609375 0.953125 0.278125 0.09375
12 0.3546875 0.94609375 0.3640625 0.1078125
12 0.1234375 0.93046875 0.246875 0.1390625
12 0.07421875 0.7375 0.1484375 0.2125
12 0.8234375 0.73046875 0.321875 0.1640625
12 0.69140625 0.48828125 0.3234375 0.171875
12 0.37734375 0.48671875 0.340625 0.2203125
12 0.75859375 0.2625 0.353125 0.1921875
12 0.42265625 0.04375 0.3515625 0.0875
12 0.9015625 0.0578125 0.196875 0.115625
12 0.16484375 0.09453125 0.3 0.171875
12 0.51875 0.35234375 0.3046875 0.1515625
