30 0.4375 0.27578125 0.121875 0.14375
30 0.2234375 0.42734375 0.10859375 0.17578125
30 0.09921875 0.57890625 0.1265625 0.17421875
30 0.2265625 0.803125 0.16796875 0.2375
30 0.0734375 0.77890625 0.1328125 0.23125
30 0.3546875 0.4953125 0.12109375 0.20546875
30 0.5734375 0.31328125 0.11015625 0.1953125
30 0.76796875 0.28359375 0.1296875 0.2015625
30 0.7125 0.43828125 0.13203125 0.1609375
30 0.85078125 0.4375 0.1359375 0.22265625
30 0.6140625 0.63046875 0.1421875 0.2
30 0.4921875 0.60390625 0.13046875 0.1984375
30 0.49609375 0.72890625 0.13671875 0.18125
30 0.39609375 0.8078125 0.14453125 0.1609375
30 0.82734375 0.75078125 0.1421875 0.22109375
