30 0.19609375 0.22578125 0.134375 0.165625
30 0.33828125 0.171875 0.12890625 0.0609375
30 0.47734375 0.234375 0.13984375 0.1859375
30 0.5875 0.21015625 0.08984375 0.15625
30 0.70703125 0.16484375 0.1609375 0.253125
30 0.14453125 0.38828125 0.0875 0.20703125
30 0.48515625 0.39609375 0.12421875 0.22265625
30 0.62109375 0.3890625 0.228125 0.2515625
30 0.7953125 0.35390625 0.14765625 0.2265625
30 0.8515625 0.55546875 0.1796875 0.28046875
30 0.6984375 0.6 0.18984375 0.284375
30 0.51328125 0.60234375 0.1859375 0.25859375
30 0.325 0.6046875 0.1796875 0.25234375
30 0.14140625 0.62265625 0.19375 0.2796875
30 0.11875 0.85859375 0.23671875 0.28203125
30 0.33203125 0.853125 0.20703125 0.29296875
30 0.56015625 0.853125 0.22109375 0.29296875
30 0.7640625 0.84921875 0.21875 0.3015625
30 0.915625 0.78984375 0.16796875 0.3265625
