30 0.884375 0.9203125 0.23046875 0.159375
30 0.61328125 0.86953125 0.30703125 0.26015625
30 0.21640625 0.83125 0.3203125 0.3375
30 0.03125 0.90859375 0.06171875 0.18203125
30 0.09453125 0.68203125 0.1890625 0.35390625
30 0.6171875 0.65234375 0.2515625 0.3140625
30 0.87109375 0.69765625 0.2578125 0.3390625
30 0.86875 0.4484375 0.24140625 0.246875
30 0.7859375 0.221875 0.22578125 0.2578125
30 0.63125 0.39453125 0.2375 0.2765625
30 0.30234375 0.565625 0.25546875 0.3546875
30 0.1375 0.44453125 0.2203125 0.2765625
30 0.3515625 0.32890625 0.2109375 0.25625
30 0.07890625 0.1015625 0.15390625 0.16484375
30 0.2359375 0.1078125 0.17421875 0.1796875
30 0.3921875 0.08515625 0.153125 0.16875
30 0.246875 0.03671875 0.18046875 0.0734375
30 0.6015625 0.109375 0.17421875 0.1609375
30 0.76484375 0.0734375 0.18046875 0.14609375
30 0.925 0.0890625 0.15 0.178125
30 0.60234375 0.03671875 0.16640625 0.06953125
