12 0.93515625 0.85078125 0.128125 0.090625
12 0.9578125 0.77421875 0.084375 0.078125
12 0.8578125 0.78125 0.134375 0.09375
12 0.9109375 0.7109375 0.128125 0.0734375
12 0.93828125 0.634375 0.1234375 0.0890625
12 0.9578125 0.55625 0.084375 0.096875
12 0.9828125 0.45703125 0.034375 0.0859375
12 0.765625 0.68984375 0.1375 0.075
12 0.7953125 0.6171875 0.1390625 0.0796875
12 0.840625 0.540625 0.146875 0.08125
12 0.88359375 0.453125 0.15625 0.0890625
12 0.92421875 0.37109375 0.1515625 0.0859375
12 0.6703125 0.64609375 0.1078125 0.0765625
12 0.70078125 0.571875 0.090625 0.08125
12 0.7421875 0.50546875 0.103125 0.084375
12 0.7828125 0.42265625 0.1203125 0.075
12 0.82734375 0.34140625 0.14375 0.084375
12 0.609375 0.59921875 0.0875 0.06875
12 0.640625 0.534375 0.1 0.08125
12 0.6671875 0.4546875 0.10625 0.08125
12 0.54296875 0.55859375 0.090625 0.071875
12 0.57734375 0.48671875 0.1046875 0.06875
12 0.60234375 0.4171875 0.103125 0.071875
12 0.4875 0.51484375 0.0796875 0.065625
12 0.5046875 0.45 0.084375 0.0609375
12 0.5375 0.3859375 0.096875 0.05625
12 0.56015625 0.31484375 0.084375 0.075
12 0.5890625 0.23984375 0.09375 0.071875
12 0.4359375 0.48515625 0.071875 0.0609375
12 0.4484375 0.42265625 0.065625 0.0640625
12 0.48515625 0.35234375 0.08125 0.071875
12 0.50703125 0.28046875 0.0953125 0.0625
12 0.5390625 0.20859375 0.0875 0.071875
12 0.6015625 0.865625 0.13125 0.0734375
12 0.56796875 0.928125 0.115625 0.0703125
12 0.5390625 0.98125 0.1125 0.0375
12 0.54921875 0.81015625 0.121875 0.075
12 0.5 0.87421875 0.0984375 0.059375
12 0.47734375 0.93046875 0.0953125 0.0625
12 0.440625 0.97734375 0.084375 0.0453125
12 0.48203125 0.7578125 0.109375 0.0734375
12 0.4453125 0.81875 0.084375 0.0609375
12 0.41484375 0.875 0.09375 0.0671875
12 0.3921875 0.928125 0.084375 0.065625
12 0.3671875 0.9796875 0.0625 0.040625
12 0.428125 0.71328125 0.084375 0.06875
12 0.39609375 0.76796875 0.084375 0.05625
12 0.37734375 0.81875 0.103125 0.053125
12 0.3421875 0.87421875 0.084375 0.053125
12 0.32734375 0.92578125 0.084375 0.046875
12 0.375 0.66640625 0.090625 0.059375
12 0.33359375 0.62734375 0.090625 0.059375
12 0.34921875 0.721875 0.071875 0.0625
12 0.32578125 0.7765625 0.075 0.0515625
12 0.30234375 0.8234375 0.0625 0.05
12 0.28125 0.87421875 0.06875 0.0515625
12 0.278125 0.57109375 0.08125 0.0546875
12 0.25234375 0.62578125 0.0765625 0.046875
12 0.22890625 0.6796875 0.071875 0.053125
12 0.2265625 0.7203125 0.084375 0.046875
12 0.33203125 0.45546875 0.1 0.053125
12 0.3515625 0.39609375 0.103125 0.053125
12 0.36953125 0.33359375 0.115625 0.065625
12 0.39375 0.2671875 0.115625 0.065625
12 0.421875 0.19765625 0.11875 0.0625
12 0.44375 0.12421875 0.115625 0.06875
12 0.28359375 0.06484375 0.0734375 0.0609375
12 0.23984375 0.53515625 0.06875 0.05625
12 0.2171875 0.5890625 0.059375 0.05
12 0.2 0.5046875 0.065625 0.05625
12 0.165625 0.47265625 0.0625 0.0546875
12 0.275 0.4234375 0.075 0.059375
12 0.29140625 0.3609375 0.0890625 0.059375
12 0.3171875 0.3015625 0.0765625 0.05625
12 0.3328125 0.24140625 0.078125 0.0609375
12 0.346875 0.17734375 0.0765625 0.06875
12 0.37890625 0.103125 0.1 0.0703125
