12 0.81796875 0.66171875 0.190625 0.2859375
12 0.05625 0.91484375 0.1125 0.1703125
12 0.215625 0.90859375 0.184375 0.1828125
12 0.4140625 0.91484375 0.171875 0.1703125
12 0.6125 0.91484375 0.175 0.1703125
12 0.815625 0.91171875 0.175 0.1765625
12 0.9625 0.91796875 0.075 0.1640625
12 0.05625 0.6546875 0.1125 0.271875
12 0.215625 0.671875 0.178125 0.284375
12 0.42265625 0.6640625 0.175 0.2734375
12 0.61875 0.66171875 0.1734375 0.278125
12 0.96640625 0.67109375 0.065625 0.290625
12 0.05 0.3453125 0.1 0.284375
12 0.21171875 0.3484375 0.178125 0.278125
12 0.42109375 0.35390625 0.18125 0.275
12 0.62265625 0.34453125 0.175 0.2796875
12 0.8234375 0.3578125 0.1796875 0.275
12 0.9640625 0.3578125 0.071875 0.271875
12 0.05390625 0.0859375 0.1078125 0.171875
12 0.21796875 0.0890625 0.1796875 0.178125
12 0.41640625 0.0984375 0.184375 0.196875
12 0.61875 0.0953125 0.1875 0.190625
12 0.82421875 0.0890625 0.1921875 0.178125
12 0.96875 0.0890625 0.0625 0.178125
