12 0.02578125 0.1109375 0.0515625 0.221875
12 0.15390625 0.1109375 0.1734375 0.221875
12 0.02578125 0.44609375 0.0515625 0.3734375
12 0.15703125 0.44140625 0.1796875 0.4125
12 0.02734375 0.8375 0.0546875 0.321875
12 0.165625 0.83828125 0.165625 0.321875
12 0.3484375 0.1109375 0.1859375 0.221875
12 0.3671875 0.446875 0.175 0.371875
12 0.35234375 0.83828125 0.178125 0.321875
12 0.559375 0.1078125 0.1734375 0.215625
12 0.55703125 0.4453125 0.16875 0.4078125
12 0.559375 0.84140625 0.1734375 0.315625
12 0.7640625 0.1046875 0.18125 0.209375
12 0.7578125 0.4390625 0.175 0.3953125
12 0.7453125 0.84765625 0.16875 0.3046875
12 0.92890625 0.1046875 0.140625 0.209375
12 0.93125 0.43671875 0.1375 0.3796875
12 0.92734375 0.84140625 0.1453125 0.3171875
