30 0.884375 0.9203125 0.23125 0.159375
30 0.61328125 0.8703125 0.3078125 0.259375
30 0.21953125 0.83125 0.3203125 0.3375
30 0.03125 0.90859375 0.0625 0.1828125
30 0.0953125 0.6828125 0.190625 0.353125
30 0.61796875 0.65234375 0.253125 0.315625
30 0.87109375 0.6984375 0.2578125 0.3390625
30 0.86875 0.4484375 0.24375 0.2484375
30 0.7859375 0.22265625 0.2265625 0.2578125
30 0.63125 0.39453125 0.2390625 0.2765625
30 0.303125 0.56640625 0.2546875 0.35625
30 0.13828125 0.44453125 0.221875 0.2765625
30 0.35234375 0.3296875 0.2125 0.25625
30 0.0796875 0.10234375 0.153125 0.165625
30 0.2359375 0.10703125 0.1765625 0.18125
30 0.3921875 0.08515625 0.1546875 0.16875
30 0.24765625 0.0359375 0.18125 0.071875
30 0.60234375 0.109375 0.1734375 0.1609375
30 0.7640625 0.0734375 0.18125 0.146875
30 0.9265625 0.08984375 0.146875 0.178125
30 0.60234375 0.0359375 0.165625 0.0703125
