12 0.54765625 0.22890625 0.421875 0.315625
12 0.32421875 0.12578125 0.2875 0.25
12 0.64453125 0.034375 0.35625 0.06875
12 0.8609375 0.1296875 0.278125 0.259375
12 0.2203125 0.3921875 0.275 0.290625
12 0.40078125 0.59921875 0.2578125 0.24375
12 0.6375 0.5 0.325 0.225
12 0.8890625 0.684375 0.221875 0.3125
12 0.6359375 0.74921875 0.340625 0.2703125
12 0.49375 0.93203125 0.278125 0.1359375
12 0.2859375 0.86015625 0.25625 0.2203125
12 0.08359375 0.8203125 0.165625 0.2234375
12 0.18515625 0.67578125 0.24375 0.2375
