30 0.1140625 0.91640625 0.20703125 0.16640625
30 0.33515625 0.9171875 0.21953125 0.165625
30 0.51953125 0.91015625 0.1515625 0.1796875
30 0.35703125 0.31015625 0.06796875 0.11875
30 0.37734375 0.42265625 0.05078125 0.12734375
30 0.2515625 0.4140625 0.0421875 0.121875
30 0.27578125 0.49375 0.065625 0.10078125
30 0.3421875 0.52265625 0.07421875 0.12734375
30 0.35 0.68671875 0.0796875 0.134375
30 0.46328125 0.61484375 0.075 0.11875
30 0.44140625 0.45078125 0.0765625 0.121875
30 0.51640625 0.42421875 0.05078125 0.12890625
30 0.55625 0.5234375 0.0671875 0.1203125
30 0.58984375 0.44140625 0.05859375 0.140625
30 0.6421875 0.49140625 0.07734375 0.11015625
30 0.60546875 0.60234375 0.0640625 0.09921875
30 0.60625 0.69140625 0.0796875 0.1046875
30 0.5390625 0.62421875 0.059375 0.109375
30 0.5 0.71328125 0.0609375 0.10078125
30 0.38515625 0.79453125 0.09453125 0.134375
30 0.4625 0.80390625 0.0828125 0.140625
30 0.60625 0.81328125 0.08359375 0.12734375
30 0.6828125 0.89609375 0.16171875 0.2078125
