12 0.2484375 0.1125 0.28125 0.203125
12 0.21953125 0.3 0.309375 0.20625
12 0.40546875 0.47734375 0.271875 0.2359375
12 0.1046875 0.69765625 0.209375 0.221875
12 0.62265625 0.77890625 0.321875 0.20625
12 0.86015625 0.87890625 0.24375 0.2421875
12 0.8375 0.42890625 0.303125 0.225
12 0.57578125 0.01640625 0.3140625 0.0328125
12 0.775 0.11015625 0.2375 0.2203125
12 0.50546875 0.12890625 0.2578125 0.2
12 0.57265625 0.32265625 0.2453125 0.2375
12 0.1578125 0.50390625 0.2546875 0.23125
12 0.32421875 0.7078125 0.23125 0.2171875
12 0.63671875 0.57578125 0.3125 0.19375
12 0.86875 0.6578125 0.2625 0.190625
12 0.5953125 0.9453125 0.31875 0.109375
12 0.19453125 0.9265625 0.2734375 0.146875
12 0.09296875 0.07109375 0.1859375 0.140625
12 0.07578125 0.87109375 0.15 0.209375
