12 0.78046875 0.221875 0.17890625 0.22421875
12 0.06015625 0.21953125 0.1140625 0.23203125
12 0.21171875 0.225 0.17890625 0.22109375
12 0.40625 0.225 0.18046875 0.23203125
12 0.58828125 0.2234375 0.18359375 0.228125
12 0.9375 0.2140625 0.125 0.228125
12 0.0609375 0.46015625 0.12109375 0.22421875
12 0.21640625 0.46328125 0.18046875 0.23046875
12 0.41171875 0.46171875 0.18203125 0.2375
12 0.5953125 0.4546875 0.17890625 0.22421875
12 0.77890625 0.453125 0.18125 0.23203125
12 0.9359375 0.4546875 0.128125 0.22890625
12 0.059375 0.69453125 0.11875 0.2203125
12 0.225 0.6953125 0.17890625 0.221875
12 0.40703125 0.6953125 0.18671875 0.2328125
12 0.59140625 0.69453125 0.171875 0.2265625
12 0.778125 0.6875 0.17109375 0.22265625
12 0.9375 0.690625 0.125 0.23125
12 0.0640625 0.86953125 0.12734375 0.12109375
12 0.40625 0.8703125 0.1859375 0.11640625
12 0.934375 0.8625 0.13125 0.1046875
