12 0.0546875 0.8171875 0.109375 0.15
12 0.03359375 0.65390625 0.065625 0.1515625
12 0.1625 0.7609375 0.096875 0.1390625
12 0.12578125 0.61015625 0.10625 0.153125
12 0.26484375 0.70546875 0.109375 0.15625
12 0.23515625 0.5484375 0.10625 0.146875
12 0.38125 0.6625 0.1078125 0.15
12 0.33828125 0.49609375 0.103125 0.140625
12 0.48984375 0.615625 0.103125 0.15
12 0.4484375 0.459375 0.1 0.159375
12 0.59765625 0.56953125 0.103125 0.15
12 0.5609375 0.4140625 0.10625 0.1375
12 0.525 0.0421875 0.109375 0.084375
12 0.60078125 0.12265625 0.096875 0.146875
12 0.67890625 0.0484375 0.109375 0.096875
12 0.7546875 0.1453125 0.0921875 0.1546875
12 0.67421875 0.240625 0.0984375 0.140625
12 0.74609375 0.37421875 0.096875 0.14375
12 0.825 0.26328125 0.1046875 0.14375
12 0.81484375 0.4890625 0.10625 0.14375
12 0.89765625 0.39296875 0.1 0.14375
12 0.8875 0.6171875 0.115625 0.146875
12 0.96484375 0.53125 0.0703125 0.15625
