12 0.1953125 0.571875 0.15 0.21015625
12 0.40234375 0.6765625 0.16328125 0.2125
12 0.36953125 0.378125 0.146875 0.184375
12 0.42109375 0.2515625 0.15859375 0.17265625
12 0.54140625 0.3453125 0.1515625 0.165625
12 0.56328125 0.5046875 0.13359375 0.19609375
12 0.72265625 0.5890625 0.15546875 0.1921875
12 0.71328125 0.4015625 0.1390625 0.18671875
12 0.6578125 0.21953125 0.1203125 0.18984375
12 0.27109375 0.215625 0.140625 0.153125
12 0.24140625 0.39140625 0.12265625 0.18828125
12 0.396875 0.51875 0.13984375 0.15546875
12 0.26796875 0.76953125 0.1265625 0.23046875
12 0.59375 0.69765625 0.115625 0.2203125
12 0.77734375 0.77890625 0.15 0.1875
12 0.815625 0.49140625 0.153125 0.1921875
12 0.51171875 0.159375 0.1375 0.17265625
12 0.7703125 0.26328125 0.12421875 0.184375
