12 0.128125 0.26171875 0.18359375 0.25546875
12 0.2984375 0.2359375 0.1859375 0.28125
12 0.45859375 0.40390625 0.21328125 0.246875
12 0.65859375 0.11328125 0.2 0.2265625
12 0.73203125 0.60078125 0.18671875 0.290625
12 0.8296875 0.81875 0.22890625 0.21640625
12 0.41484375 0.79453125 0.20390625 0.275
12 0.028125 0.5578125 0.05625 0.284375
12 0.11953125 0.74296875 0.2140625 0.215625
12 0.14296875 0.49453125 0.18125 0.23359375
12 0.31875 0.55546875 0.215625 0.221875
12 0.4828125 0.1796875 0.20859375 0.23046875
12 0.6671875 0.33046875 0.196875 0.21015625
12 0.54765625 0.61328125 0.1765625 0.2828125
12 0.625 0.8296875 0.17265625 0.2390625
12 0.91640625 0.57578125 0.1671875 0.2890625
12 0.9 0.2125 0.2 0.246875
12 0.08125 0.10234375 0.146875 0.2046875
12 0.815625 0.08828125 0.18828125 0.1765625
