12 0.0625 0.15234375 0.125 0.3046875
12 0.21796875 0.15 0.1546875 0.3
12 0.06171875 0.5015625 0.1234375 0.33359375
12 0.21796875 0.4953125 0.1609375 0.36796875
12 0.06484375 0.853125 0.1296875 0.29296875
12 0.22734375 0.8546875 0.15 0.28984375
12 0.3890625 0.15 0.165625 0.3
12 0.40625 0.5 0.15546875 0.33203125
12 0.39375 0.853125 0.159375 0.29375
12 0.578125 0.14921875 0.1546875 0.29609375
12 0.57578125 0.49921875 0.15 0.3640625
12 0.578125 0.85625 0.1546875 0.2875
12 0.7625 0.14453125 0.1640625 0.2890625
12 0.7546875 0.49375 0.15703125 0.35234375
12 0.74609375 0.86328125 0.15234375 0.2734375
12 0.92265625 0.14453125 0.1546875 0.2890625
12 0.92421875 0.49453125 0.15078125 0.34296875
12 0.92109375 0.85625 0.1578125 0.2875
