12 0.715625 0.496875 0.2859375 0.3828125
12 0.80859375 0.7 0.225 0.2625
12 0.93046875 0.409375 0.1390625 0.3234375
12 0.828125 0.2 0.2796875 0.2765625
12 0.56875 0.7953125 0.2625 0.25
12 0.38203125 0.63046875 0.2203125 0.234375
12 0.47109375 0.415625 0.203125 0.296875
12 0.30625 0.178125 0.2828125 0.2125
12 0.24609375 0.4171875 0.24375 0.3109375
12 0.071875 0.5453125 0.14375 0.253125
12 0.146875 0.73515625 0.2 0.2328125
12 0.18203125 0.921875 0.2 0.15625
12 0.31328125 0.8265625 0.2140625 0.221875
