12 0.2734375 0.4921875 0.12109375 0.1609375
12 0.646875 0.4375 0.1140625 0.184375
12 0.69375 0.30625 0.12265625 0.15390625
12 0.75546875 0.8046875 0.1265625 0.17265625
12 0.5765625 0.73203125 0.1171875 0.13671875
12 0.4796875 0.12265625 0.09296875 0.15078125
12 0.5125 0.2484375 0.12421875 0.13046875
12 0.3953125 0.1625 0.1015625 0.14921875
12 0.50546875 0.54921875 0.11015625 0.15859375
12 0.2984375 0.90625 0.15546875 0.13203125
12 0.45390625 0.646875 0.12578125 0.16875
12 0.2859375 0.66015625 0.1296875 0.1375
12 0.2875 0.128125 0.10703125 0.17421875
12 0.21640625 0.3828125 0.12578125 0.15078125
12 0.225 0.80390625 0.11015625 0.15859375
12 0.34453125 0.796875 0.11953125 0.15
12 0.4171875 0.3359375 0.12109375 0.1375
12 0.57578125 0.13828125 0.0984375 0.13515625
12 0.66328125 0.603125 0.10390625 0.1625
12 0.7703125 0.51015625 0.1140625 0.1625
12 0.4953125 0.87109375 0.1203125 0.13671875
12 0.6171875 0.9375 0.12265625 0.125
12 0.8140625 0.6015625 0.1390625 0.146875
12 0.7875 0.33515625 0.12265625 0.1421875
12 0.6765625 0.2203125 0.10546875 0.109375
12 0.3640625 0.58984375 0.115625 0.1359375
12 0.18203125 0.5359375 0.1 0.1546875
