18 0.07734375 0.63984375 0.1546875 0.3390625
18 0.1140625 0.27109375 0.228125 0.3484375
18 0.1078125 0.03125 0.215625 0.0625
18 0.334375 0.46171875 0.5296875 0.359375
18 0.39765625 0.12265625 0.465625 0.2453125
18 0.15078125 0.9 0.3015625 0.196875
18 0.35625 0.8125 0.540625 0.375
18 0.740625 0.62734375 0.484375 0.328125
18 0.75 0.88515625 0.421875 0.2296875
18 0.9140625 0.7859375 0.171875 0.3203125
18 0.90859375 0.49609375 0.1828125 0.2609375
18 0.90859375 0.22578125 0.1828125 0.403125
18 0.653125 0.3171875 0.409375 0.3546875
18 0.6984375 0.02265625 0.284375 0.0453125
