12 0.48671875 0.25703125 0.1890625 0.3453125
12 0.95625 0.625 0.0875 0.36875
12 0.74296875 0.92421875 0.221875 0.1515625
12 0.92890625 0.86796875 0.1421875 0.2640625
12 0.48359375 0.59609375 0.234375 0.378125
12 0.96328125 0.11875 0.071875 0.2375
12 0.24609375 0.190625 0.2 0.38125
12 0.56171875 0.10234375 0.196875 0.203125
12 0.03125 0.54921875 0.0625 0.4015625
12 0.0859375 0.809375 0.171875 0.328125
12 0.33203125 0.44921875 0.16875 0.346875
12 0.859375 0.3859375 0.228125 0.3265625
12 0.70078125 0.73125 0.2640625 0.365625
12 0.66171875 0.3859375 0.1859375 0.4015625
12 0.24609375 0.78203125 0.2109375 0.365625
12 0.146875 0.5171875 0.184375 0.35625
12 0.021875 0.253125 0.04375 0.23125
12 0.12578125 0.14609375 0.153125 0.290625
12 0.74296875 0.1578125 0.171875 0.315625
