12 0.06796875 0.85546875 0.134375 0.09375
12 0.04453125 0.77578125 0.0890625 0.0828125
12 0.1484375 0.7828125 0.140625 0.0984375
12 0.09296875 0.709375 0.134375 0.0765625
12 0.06484375 0.62890625 0.1296875 0.09375
12 0.04453125 0.54765625 0.0890625 0.1015625
12 0.01796875 0.44375 0.034375 0.090625
12 0.2453125 0.6875 0.1453125 0.078125
12 0.21484375 0.6109375 0.1453125 0.084375
12 0.1671875 0.53046875 0.153125 0.084375
12 0.121875 0.4390625 0.1625 0.09375
12 0.0796875 0.353125 0.159375 0.090625
12 0.3453125 0.64140625 0.1125 0.08125
12 0.3140625 0.56328125 0.0953125 0.084375
12 0.2703125 0.49375 0.1078125 0.0875
12 0.22734375 0.4078125 0.125 0.078125
12 0.18046875 0.321875 0.1515625 0.0890625
12 0.40859375 0.5921875 0.090625 0.071875
12 0.3765625 0.52421875 0.10625 0.084375
12 0.3484375 0.44140625 0.1125 0.0859375
12 0.478125 0.54921875 0.09375 0.075
12 0.44296875 0.47421875 0.109375 0.071875
12 0.41640625 0.4015625 0.10625 0.075
12 0.53671875 0.503125 0.0828125 0.06875
12 0.51875 0.4359375 0.0875 0.0640625
12 0.484375 0.36875 0.1015625 0.059375
12 0.46015625 0.29453125 0.0875 0.078125
12 0.43046875 0.215625 0.096875 0.0765625
12 0.590625 0.47265625 0.075 0.0640625
12 0.57734375 0.40703125 0.06875 0.0671875
12 0.5390625 0.33359375 0.084375 0.075
12 0.51640625 0.2578125 0.1 0.065625
12 0.4828125 0.1828125 0.090625 0.0765625
12 0.4171875 0.87109375 0.1375 0.078125
12 0.45234375 0.93671875 0.121875 0.0734375
12 0.48203125 0.9859375 0.11875 0.028125
12 0.471875 0.8125 0.1265625 0.078125
12 0.5234375 0.88046875 0.103125 0.0625
12 0.546875 0.9390625 0.1 0.065625
12 0.5859375 0.9828125 0.0875 0.034375
12 0.5421875 0.75859375 0.115625 0.0765625
12 0.58046875 0.821875 0.0875 0.0640625
12 0.6125 0.88125 0.0984375 0.06875
12 0.6359375 0.93671875 0.0875 0.06875
12 0.66171875 0.984375 0.065625 0.03125
12 0.59921875 0.71171875 0.0875 0.071875
12 0.6328125 0.76875 0.0890625 0.059375
12 0.6515625 0.821875 0.10625 0.05625
12 0.68828125 0.8796875 0.0890625 0.05625
12 0.7046875 0.934375 0.0875 0.05
12 0.6546875 0.6625 0.0953125 0.0625
12 0.69765625 0.621875 0.0953125 0.0625
12 0.68125 0.7203125 0.075 0.065625
12 0.70625 0.778125 0.078125 0.053125
12 0.73046875 0.8265625 0.065625 0.05
12 0.75234375 0.88046875 0.071875 0.0546875
12 0.75625 0.5625 0.084375 0.05625
12 0.7828125 0.6203125 0.0796875 0.05
12 0.80703125 0.67578125 0.075 0.0546875
12 0.809375 0.71875 0.0875 0.05
12 0.7 0.44140625 0.103125 0.05625
12 0.67890625 0.3796875 0.1078125 0.05625
12 0.66015625 0.3140625 0.1203125 0.06875
12 0.634375 0.24453125 0.121875 0.06875
12 0.60546875 0.171875 0.125 0.065625
12 0.5828125 0.0953125 0.121875 0.071875
12 0.75 0.0328125 0.0765625 0.0640625
12 0.79609375 0.525 0.071875 0.059375
12 0.81953125 0.58125 0.0625 0.0515625
12 0.8375 0.49375 0.06875 0.059375
12 0.8734375 0.459375 0.065625 0.05625
12 0.759375 0.4078125 0.078125 0.0609375
12 0.7421875 0.3421875 0.09375 0.0609375
12 0.71484375 0.28046875 0.0796875 0.0578125
12 0.6984375 0.21796875 0.08125 0.0640625
12 0.68359375 0.15 0.0796875 0.071875
12 0.65 0.0734375 0.103125 0.0734375
