18 0.3671875 0.92109375 0.3328125 0.1578125
18 0.72734375 0.88515625 0.340625 0.2296875
18 0.96640625 0.890625 0.0671875 0.21875
18 0.5421875 0.665625 0.3515625 0.5171875
18 0.87734375 0.60234375 0.2453125 0.4546875
18 0.1046875 0.84921875 0.209375 0.3015625
18 0.19140625 0.64375 0.3828125 0.528125
18 0.38046875 0.2671875 0.321875 0.471875
18 0.1203125 0.2578125 0.240625 0.4125
18 0.225 0.09140625 0.3125 0.1828125
18 0.50859375 0.096875 0.2546875 0.19375
18 0.7734375 0.096875 0.39375 0.19375
18 0.68359375 0.35390625 0.346875 0.4
18 0.97421875 0.31015625 0.05 0.278125
