18 0.23046875 0.528125 0.446875 0.39375
18 0.4765625 0.1734375 0.35 0.346875
18 0.471875 0.39765625 0.4140625 0.25625
18 0.60703125 0.84609375 0.4046875 0.3078125
18 0.44453125 0.65390625 0.521875 0.384375
18 0.8375 0.21796875 0.325 0.1921875
18 0.96953125 0.9703125 0.059375 0.05625
18 0.88828125 0.8421875 0.2234375 0.2484375
18 0.7765625 0.6859375 0.2046875 0.2390625
18 0.75078125 0.38671875 0.35 0.3
18 0.8953125 0.56015625 0.209375 0.3421875
18 0.94921875 0.32890625 0.09375 0.0984375
18 0.94921875 0.128125 0.1015625 0.175
