18 0.48671875 0.225 0.4125 0.45
18 0.83828125 0.47421875 0.3234375 0.365625
18 0.6234375 0.46875 0.26875 0.4328125
18 0.1578125 0.61015625 0.315625 0.4234375
18 0.35546875 0.440625 0.403125 0.546875
18 0.8109375 0.840625 0.2 0.31875
18 0.02734375 0.97890625 0.053125 0.0421875
18 0.159375 0.89375 0.259375 0.2125
18 0.321875 0.7875 0.25 0.2140625
18 0.63515625 0.7609375 0.3140625 0.365625
18 0.453125 0.90078125 0.3578125 0.1984375
18 0.6953125 0.95859375 0.103125 0.0828125
18 0.90546875 0.95703125 0.1828125 0.0859375
