30 0.19609375 0.22578125 0.134375 0.165625
30 0.3375 0.171875 0.1296875 0.0609375
30 0.47734375 0.234375 0.1390625 0.1859375
30 0.5875 0.21015625 0.0890625 0.15625
30 0.70703125 0.16484375 0.1609375 0.253125
30 0.14453125 0.38828125 0.0875 0.2078125
30 0.4859375 0.396875 0.125 0.2234375
30 0.62109375 0.38828125 0.228125 0.2515625
30 0.7953125 0.3546875 0.146875 0.2265625
30 0.85234375 0.55546875 0.18125 0.28125
30 0.6984375 0.60078125 0.190625 0.284375
30 0.51328125 0.60234375 0.1859375 0.259375
30 0.32421875 0.6046875 0.18125 0.253125
30 0.1421875 0.62265625 0.1953125 0.2796875
30 0.11875 0.859375 0.2375 0.28125
30 0.3328125 0.8546875 0.2078125 0.290625
30 0.5609375 0.8546875 0.221875 0.290625
30 0.7640625 0.84921875 0.21875 0.3015625
30 0.915625 0.78984375 0.16875 0.3265625
