15 0.4203125 0.903125 0.2828125 0.1921875
15 0.7578125 0.853125 0.2921875 0.28125
15 0.1265625 0.79609375 0.2390625 0.3203125
15 0.41796875 0.68125 0.271875 0.2515625
15 0.190625 0.57734375 0.2296875 0.2359375
15 0.45390625 0.46953125 0.190625 0.2328125
15 0.7359375 0.60234375 0.2203125 0.21875
15 0.9390625 0.49609375 0.11875 0.246875
15 0.6921875 0.41953125 0.2421875 0.190625
15 0.2484375 0.37734375 0.1890625 0.1796875
15 0.07109375 0.31640625 0.1421875 0.1296875
15 0.04453125 0.47421875 0.08125 0.15
15 0.2890625 0.2640625 0.1734375 0.1328125
15 0.48828125 0.325 0.1734375 0.159375
15 0.6828125 0.2484375 0.1703125 0.1546875
15 0.9109375 0.3046875 0.1765625 0.1296875
15 0.88515625 0.19921875 0.1984375 0.1359375
15 0.68515625 0.13671875 0.1796875 0.10625
15 0.48828125 0.20625 0.121875 0.1
15 0.31484375 0.16171875 0.1125 0.0828125
15 0.1875 0.1265625 0.1109375 0.0609375
15 0.13828125 0.21015625 0.1359375 0.09375
15 0.0328125 0.16640625 0.0640625 0.0875
15 0.06484375 0.0796875 0.0984375 0.0734375
15 0.2171875 0.0515625 0.1046875 0.0703125
15 0.3578125 0.0796875 0.109375 0.0828125
15 0.49921875 0.1078125 0.1046875 0.0875
15 0.83671875 0.09765625 0.1234375 0.08125
15 0.9625 0.06171875 0.0734375 0.103125
