30 0.1109375 0.0625 0.221875 0.125
30 0.0359375 0.1828125 0.0703125 0.1546875
30 0.3609375 0.0765625 0.240625 0.153125
30 0.16796875 0.22109375 0.2796875 0.2984375
30 0.05078125 0.3859375 0.1015625 0.1859375
30 0.56875 0.0359375 0.184375 0.0703125
30 0.7984375 0.09140625 0.303125 0.1828125
30 0.884375 0.21640625 0.23125 0.34375
30 0.6046875 0.15390625 0.253125 0.1609375
30 0.4078125 0.328125 0.3765625 0.4453125
30 0.6859375 0.35 0.259375 0.271875
30 0.9046875 0.44609375 0.190625 0.13125
30 0.7609375 0.6109375 0.3953125 0.4
30 0.4671875 0.6453125 0.2515625 0.246875
30 0.18125 0.6625 0.3609375 0.40625
30 0.0875 0.91484375 0.175 0.1671875
30 0.4578125 0.87578125 0.571875 0.2484375
30 0.9421875 0.6875 0.115625 0.3953125
30 0.85546875 0.88828125 0.2890625 0.2234375
