30 0.10078125 0.8484375 0.2015625 0.303125
30 0.31484375 0.853125 0.34375 0.29296875
30 0.80625 0.871875 0.3875 0.25625
30 0.5765625 0.91875 0.10625 0.1625
30 0.82734375 0.625 0.225 0.1703125
30 0.62421875 0.625 0.20546875 0.1609375
30 0.40546875 0.621875 0.22734375 0.18046875
30 0.2078125 0.62265625 0.2234375 0.16640625
30 0.3125 0.4359375 0.1390625 0.06953125
30 0.45703125 0.43828125 0.1421875 0.05859375
30 0.61171875 0.4296875 0.159375 0.07421875
30 0.75390625 0.4390625 0.13125 0.0625
30 0.67578125 0.39453125 0.1109375 0.06875
30 0.56640625 0.390625 0.1 0.06953125
30 0.45078125 0.4015625 0.1171875 0.06171875
30 0.346875 0.40078125 0.0984375 0.06171875
30 0.625 0.3375 0.0953125 0.02890625
30 0.4515625 0.334375 0.09296875 0.0375
30 0.36328125 0.3375 0.0859375 0.03046875
30 0.36796875 0.31015625 0.08203125 0.05234375
30 0.44921875 0.3109375 0.06796875 0.03125
30 0.5296875 0.32734375 0.0703125 0.05
30 0.5890625 0.321875 0.053125 0.04296875
30 0.953125 0.8453125 0.09375 0.20390625
