30 0.18125 0.640625 0.3171875 0.3484375
30 0.3859375 0.4671875 0.26953125 0.290625
30 0.67265625 0.48515625 0.31015625 0.378125
30 0.90234375 0.6578125 0.19453125 0.3453125
30 0.8046875 0.71015625 0.2359375 0.22578125
30 0.57421875 0.709375 0.00234375 0.00234375
30 0.84453125 0.84609375 0.31015625 0.3078125
30 0.5484375 0.784375 0.2859375 0.35546875
30 0.1765625 0.87265625 0.34140625 0.25234375
30 0.43125 0.93984375 0.284375 0.1203125
30 0.65 0.9796875 0.165625 0.040625
30 0.428125 0.78125 0.12890625 0.2125
