30 0.1109375 0.0625 0.221875 0.125
30 0.0359375 0.1828125 0.06953125 0.153125
30 0.35859375 0.0765625 0.2390625 0.153125
30 0.16875 0.22109375 0.278125 0.29765625
30 0.05 0.3859375 0.1 0.184375
30 0.56796875 0.0359375 0.184375 0.06953125
30 0.79609375 0.08984375 0.3015625 0.1796875
30 0.88515625 0.215625 0.2296875 0.34296875
30 0.6046875 0.153125 0.25390625 0.1609375
30 0.4078125 0.328125 0.3765625 0.44453125
30 0.68671875 0.34921875 0.2609375 0.27265625
30 0.9046875 0.44453125 0.18984375 0.134375
30 0.7609375 0.61015625 0.39453125 0.4
30 0.4671875 0.6453125 0.25390625 0.246875
30 0.18125 0.6625 0.3609375 0.40546875
30 0.0875 0.91640625 0.175 0.1671875
30 0.45703125 0.875 0.571875 0.25
30 0.94140625 0.68671875 0.11640625 0.3953125
30 0.8546875 0.88828125 0.290625 0.2234375
