30 0.5359375 0.353125 0.1546875 0.1546875
30 0.54296875 0.4625 0.134375 0.2
30 0.77265625 0.3921875 0.146875 0.1265625
30 0.64296875 0.3953125 0.0984375 0.096875
30 0.74375 0.54453125 0.2953125 0.3046875
30 0.5953125 0.553125 0.0484375 0.0578125
30 0.32421875 0.490625 0.3515625 0.30625
30 0.36640625 0.7125 0.0921875 0.15
30 0.16328125 0.79921875 0.321875 0.4015625
30 0.1578125 0.5828125 0.071875 0.0359375
30 0.37890625 0.909375 0.2546875 0.18125
30 0.75078125 0.87265625 0.4984375 0.2546875
30 0.8703125 0.703125 0.2140625 0.209375
30 0.58984375 0.73671875 0.396875 0.334375
