30 0.134375 0.70703125 0.26875 0.5109375
30 0.41484375 0.61640625 0.2984375 0.4734375
30 0.72734375 0.71640625 0.3609375 0.5453125
30 0.94609375 0.78359375 0.1078125 0.4328125
30 0.02890625 0.303125 0.0359375 0.04375
30 0.0734375 0.28828125 0.040625 0.04375
30 0.03125 0.3421875 0.03125 0.0359375
30 0.08671875 0.33984375 0.021875 0.0296875
30 0.06015625 0.35078125 0.025 0.0296875
30 0.06484375 0.3171875 0.0484375 0.034375
30 0.1859375 0.37109375 0.05625 0.0484375
30 0.27734375 0.3171875 0.065625 0.0515625
30 0.3578125 0.2765625 0.0390625 0.0390625
30 0.8234375 0.37890625 0.071875 0.1140625
30 0.77421875 0.3375 0.0671875 0.0921875
30 0.6890625 0.2640625 0.040625 0.053125
30 0.390625 0.2515625 0.0265625 0.0390625
30 0.40625 0.225 0.0484375 0.040625
30 0.62109375 0.21484375 0.0171875 0.0296875
30 0.69375 0.2078125 0.021875 0.0265625
