7 0.20625 0.3984375 0.255859375 0.271875
7 0.4375 0.3234375 0.25546875 0.26875
7 0.65 0.3546875 0.253515625 0.26015625
7 0.81875 0.496875 0.253125 0.231640625
7 0.5734375 0.5765625 0.246484375 0.240625
7 0.3640625 0.534375 0.21484375 0.203515625
7 0.2828125 0.675 0.25625 0.258984375
7 0.109375 0.46875 0.17421875 0.21796875
7 0.125 0.6234375 0.209765625 0.196484375
7 0.5390625 0.7328125 0.18984375 0.159765625
7 0.4265625 0.678125 0.115234375 0.143359375
7 0.6578125 0.6546875 0.133984375 0.12265625
