7 0.7359375 0.2671875 0.16484375 0.140625
7 0.796875 0.5015625 0.116015625 0.122265625
7 0.696875 0.403125 0.12578125 0.12578125
7 0.5984375 0.4296875 0.14140625 0.141015625
7 0.5359375 0.303125 0.1625 0.159375
7 0.453125 0.4625 0.137890625 0.115234375
7 0.6359375 0.5953125 0.109765625 0.103515625
7 0.7421875 0.709375 0.12109375 0.090234375
7 0.521875 0.7 0.115625 0.106640625
7 0.4125 0.7 0.121484375 0.122265625
7 0.29375 0.7 0.102734375 0.102734375
7 0.275 0.5796875 0.130859375 0.12109375
7 0.3890625 0.375 0.11015625 0.11796875
7 0.2890625 0.35625 0.147265625 0.14296875
7 0.1921875 0.4125 0.1375 0.127734375
7 0.2359375 0.2015625 0.146484375 0.131640625
7 0.53125 0.603125 0.121875 0.11328125
