7 0.265625 0.73125 0.14375 0.1078125
7 0.2046875 0.4984375 0.103125 0.1109375
7 0.303125 0.596875 0.1046875 0.10625
7 0.4015625 0.56875 0.1171875 0.115625
7 0.4625 0.6953125 0.1390625 0.134375
7 0.54375 0.5375 0.1234375 0.09375
7 0.3640625 0.40625 0.10625 0.0984375
7 0.2578125 0.29375 0.1171875 0.0875
7 0.4765625 0.3015625 0.1015625 0.0890625
7 0.584375 0.3015625 0.1 0.1015625
7 0.703125 0.3015625 0.0984375 0.1
7 0.7203125 0.4203125 0.1140625 0.096875
7 0.609375 0.6234375 0.1015625 0.1078125
7 0.7078125 0.64375 0.125 0.11875
7 0.803125 0.5859375 0.121875 0.1078125
7 0.759375 0.7953125 0.1359375 0.121875
7 0.4671875 0.3984375 0.10625 0.0953125
