7 0.2375 0.73125 0.171484375 0.14453125
7 0.1765625 0.484375 0.103125 0.119140625
7 0.278125 0.5890625 0.125 0.125390625
7 0.38125 0.559375 0.144140625 0.14375
7 0.4484375 0.69375 0.174609375 0.171484375
7 0.534375 0.525 0.140625 0.112890625
7 0.3421875 0.384375 0.131640625 0.127734375
7 0.2296875 0.265625 0.140234375 0.11953125
7 0.4625 0.2734375 0.124609375 0.116015625
7 0.578125 0.275 0.127734375 0.128515625
7 0.703125 0.275 0.11953125 0.121484375
7 0.721875 0.4015625 0.13203125 0.12109375
7 0.603125 0.6171875 0.128125 0.133984375
7 0.7078125 0.6375 0.140625 0.134765625
7 0.809375 0.578125 0.15078125 0.14375
7 0.7640625 0.8 0.17109375 0.1625
7 0.453125 0.378125 0.127734375 0.11875
