30 0.43828125 0.39140625 0.24140625 0.22265625
30 0.57890625 0.57578125 0.33828125 0.25078125
30 0.71953125 0.82421875 0.3359375 0.29765625
30 0.18671875 0.81875 0.3734375 0.3625
30 0.47578125 0.884375 0.27421875 0.23046875
30 0.8203125 0.47421875 0.359375 0.28046875
30 0.59921875 0.11328125 0.2296875 0.2265625
30 0.13671875 0.2046875 0.2734375 0.17265625
30 0.9078125 0.26015625 0.18359375 0.2421875
30 0.2796875 0.53125 0.25859375 0.23125
30 0.08984375 0.621875 0.17890625 0.3109375
30 0.39140625 0.1828125 0.24296875 0.1953125
