14 0.1296875 0.13359375 0.1609375 0.19765625
14 0.2734375 0.275 0.1296875 0.21484375
14 0.41328125 0.1734375 0.16640625 0.22265625
14 0.575 0.16875 0.1375 0.2375
14 0.709375 0.30390625 0.14140625 0.2328125
14 0.84921875 0.2 0.1609375 0.225
14 0.115625 0.3875 0.1734375 0.26484375
14 0.2640625 0.53359375 0.1359375 0.2578125
14 0.40625 0.4171875 0.14765625 0.2453125
14 0.5671875 0.41015625 0.1609375 0.28515625
14 0.7265625 0.55390625 0.1515625 0.2578125
14 0.4 0.6890625 0.1546875 0.22734375
14 0.5703125 0.68125 0.1578125 0.2421875
14 0.0890625 0.6609375 0.175 0.2578125
14 0.86171875 0.4453125 0.15390625 0.2546875
14 0.7234375 0.8375 0.1515625 0.25
14 0.5828125 0.90859375 0.17890625 0.1828125
14 0.23515625 0.8578125 0.1578125 0.2453125
14 0.3953125 0.92109375 0.17734375 0.1578125
14 0.87890625 0.7296875 0.175 0.2453125
14 0.08125 0.9109375 0.16015625 0.1671875
14 0.8859375 0.92734375 0.18984375 0.1453125
