16 0.2171875 0.85703125 0.1640625 0.190625
16 0.20234375 0.63828125 0.175 0.259375
16 0.2015625 0.3890625 0.1640625 0.2390625
16 0.41796875 0.8265625 0.1515625 0.2921875
16 0.39375 0.5890625 0.1859375 0.196875
16 0.43359375 0.40859375 0.14375 0.1953125
16 0.421875 0.2375 0.1671875 0.20625
16 0.434375 0.09296875 0.1015625 0.1140625
16 0.6109375 0.64375 0.1765625 0.2484375
16 0.61484375 0.87265625 0.1046875 0.190625
16 0.5953125 0.41484375 0.20625 0.2015625
16 0.5984375 0.1796875 0.1671875 0.284375
16 0.77890625 0.2375 0.1640625 0.1578125
16 0.23515625 0.21640625 0.1625 0.2125
16 0.08203125 0.2375 0.1375 0.215625
16 0.79375 0.41171875 0.20625 0.2421875
16 0.85078125 0.65 0.1875 0.259375
16 0.81875 0.86484375 0.2078125 0.2328125
16 0.940625 0.22578125 0.11875 0.1875
16 0.9390625 0.071875 0.121875 0.14375
16 0.94140625 0.42109375 0.1171875 0.2203125