30 0.1765625 0.55546875 0.2140625 0.3234375
30 0.315625 0.8375 0.2375 0.3203125
30 0.53671875 0.784375 0.2296875 0.3671875
30 0.51640625 0.40390625 0.2265625 0.2625
30 0.37578125 0.55703125 0.2109375 0.225
30 0.2421875 0.359375 0.240625 0.25625
30 0.35 0.21875 0.225 0.21875
30 0.5203125 0.2203125 0.265625 0.2
30 0.74921875 0.2359375 0.20625 0.24375
30 0.8015625 0.4921875 0.15625 0.29375
30 0.80234375 0.809375 0.1921875 0.2515625
30 0.63984375 0.640625 0.278125 0.2484375
30 0.8984375 0.25 0.1453125 0.2328125
30 0.6796875 0.0453125 0.265625 0.090625
