19 0.734375 0.892969 0.265625 0.209375
19 0.738281 0.118750 0.298438 0.181250
19 0.846094 0.593750 0.306250 0.157812
19 0.061719 0.192188 0.121875 0.175000
19 0.871875 0.254688 0.250000 0.171875
19 0.086719 0.708594 0.173437 0.178125
19 0.345313 0.702344 0.210938 0.221875
19 0.120313 0.874219 0.240625 0.129688
19 0.552344 0.805469 0.246875 0.250000
19 0.162500 0.193750 0.189062 0.143750
19 0.804688 0.426563 0.381250 0.171875
19 0.614062 0.239063 0.306250 0.181250
19 0.461719 0.085156 0.246875 0.159375
19 0.200781 0.439844 0.218750 0.157812
19 0.342187 0.891406 0.262500 0.156250
19 0.704688 0.692969 0.264062 0.159375
19 0.368750 0.227344 0.240625 0.170313
19 0.930469 0.110156 0.128125 0.206250
19 0.213281 0.653906 0.176563 0.217188
19 0.906250 0.757812 0.181250 0.290625
19 0.489063 0.400781 0.303125 0.203125
19 0.471094 0.940625 0.262500 0.115625
19 0.393750 0.541406 0.237500 0.178125
19 0.056250 0.407031 0.112500 0.171875
