19 0.285938 0.200000 0.175000 0.383594
19 0.832812 0.489063 0.221875 0.498437
19 0.376563 0.267188 0.162500 0.425781
19 0.544531 0.810937 0.329688 0.370312
19 0.364844 0.709375 0.196875 0.458594
19 0.910937 0.833594 0.165625 0.283594
19 0.642969 0.298438 0.121875 0.325781
19 0.271094 0.534375 0.157031 0.221875
19 0.535156 0.352344 0.214062 0.509375
19 0.788281 0.164062 0.215625 0.323437
19 0.039844 0.775781 0.079687 0.417969
19 0.103906 0.227344 0.206250 0.409375
19 0.789062 0.927344 0.319531 0.138281
19 0.532031 0.709375 0.138281 0.197656
19 0.196094 0.791406 0.228125 0.392188
