19 0.846875 0.664844 0.281250 0.137500
19 0.621094 0.182031 0.260937 0.178906
19 0.718750 0.346875 0.248438 0.167969
19 0.135156 0.560937 0.265625 0.181250
19 0.239063 0.390625 0.246875 0.193750
19 0.420312 0.855469 0.255469 0.206250
19 0.290625 0.706250 0.221875 0.167187
19 0.646875 0.506250 0.265625 0.160156
19 0.640625 0.791406 0.325000 0.164062
19 0.484375 0.614062 0.213281 0.147656
19 0.857031 0.819531 0.268750 0.159375
19 0.496875 0.369531 0.261719 0.225781
19 0.169531 0.896094 0.250000 0.183594
19 0.476562 0.082812 0.249219 0.163281
19 0.386719 0.222656 0.225781 0.191406
19 0.859375 0.520312 0.271875 0.156250
19 0.639844 0.643750 0.233594 0.123438
19 0.092188 0.748437 0.178906 0.234375
19 0.814844 0.208594 0.223438 0.166406
19 0.706250 0.938281 0.164844 0.121094
19 0.349219 0.539844 0.210938 0.157812
19 0.881250 0.079687 0.225000 0.141406
19 0.143750 0.146875 0.286719 0.288281
19 0.873437 0.948438 0.193750 0.098437
