19 0.837500 0.512500 0.074219 0.106250
19 0.057813 0.357812 0.088281 0.073438
19 0.817187 0.425781 0.060156 0.082812
19 0.900781 0.432031 0.070312 0.089844
19 0.914844 0.517969 0.089063 0.090625
19 0.073438 0.474219 0.071094 0.089844
19 0.707031 0.420312 0.064844 0.091406
19 0.746875 0.310937 0.057031 0.071094
19 0.971094 0.510156 0.057813 0.083594
19 0.916406 0.325781 0.096875 0.063281
19 0.843750 0.330469 0.046094 0.060156
19 0.180469 0.480469 0.071875 0.099219
19 0.841406 0.390625 0.054688 0.082812
19 0.350000 0.524219 0.054688 0.110156
19 0.764844 0.511719 0.072656 0.090625
19 0.761719 0.442969 0.060937 0.071875
19 0.135937 0.271875 0.085156 0.060937
19 0.133594 0.312500 0.072656 0.074219
19 0.953906 0.434375 0.063281 0.078125
19 0.345313 0.427344 0.067187 0.091406
19 0.218750 0.218750 0.080469 0.042969
19 0.866406 0.230469 0.078125 0.041406
19 0.235937 0.253125 0.076563 0.045312
19 0.881250 0.260156 0.070312 0.050781
19 0.632031 0.439063 0.062500 0.097656
19 0.131250 0.485938 0.071094 0.103125
19 0.693750 0.517969 0.060937 0.102344
19 0.283594 0.484375 0.071875 0.094531
19 0.677344 0.271094 0.042188 0.064844
19 0.209375 0.396875 0.071875 0.093750
19 0.125000 0.379688 0.067187 0.080469
19 0.387500 0.468750 0.051562 0.093750
19 0.277344 0.372656 0.064062 0.089844
19 0.975781 0.408594 0.048438 0.083594
19 0.296094 0.234375 0.085156 0.047656
19 0.871875 0.302344 0.066406 0.038281
19 0.701562 0.325781 0.061719 0.081250
19 0.246875 0.443750 0.066406 0.082812
19 0.113281 0.228125 0.072656 0.049219
19 0.221094 0.541406 0.071094 0.114844
19 0.192969 0.307031 0.063281 0.057031
19 0.421094 0.335938 0.051562 0.075000
19 0.762500 0.247656 0.040625 0.060156
19 0.785937 0.360156 0.065625 0.078906
19 0.604688 0.332031 0.048438 0.060156
19 0.371875 0.378906 0.054688 0.089844
19 0.494531 0.498437 0.057813 0.091406
19 0.029687 0.465625 0.056250 0.073438
19 0.793750 0.298438 0.043750 0.057813
19 0.500781 0.355469 0.049219 0.077344
19 0.373437 0.269531 0.048438 0.061719
19 0.327344 0.204687 0.051562 0.047656
19 0.641406 0.297656 0.056250 0.072656
19 0.576562 0.500000 0.064844 0.109375
19 0.332031 0.342969 0.054688 0.072656
19 0.542188 0.420312 0.053125 0.082812
19 0.460938 0.367188 0.047656 0.080469
19 0.753125 0.385937 0.064062 0.073438
19 0.067969 0.407813 0.062500 0.064844
19 0.199219 0.167187 0.035937 0.057813
19 0.636719 0.535156 0.057031 0.088281
19 0.036719 0.273438 0.058594 0.062500
19 0.069531 0.250781 0.064844 0.046094
19 0.660937 0.386719 0.050781 0.074219
19 0.443750 0.490625 0.050000 0.073438
19 0.428125 0.272656 0.046094 0.058594
19 0.240625 0.196094 0.066406 0.043750
19 0.423438 0.414844 0.051562 0.078125
19 0.490625 0.411719 0.049219 0.066406
19 0.475781 0.272656 0.039844 0.057813
19 0.225781 0.339062 0.061719 0.058594
19 0.178125 0.203906 0.055469 0.043750
19 0.552344 0.235937 0.035156 0.059375
