19 0.296094 0.855469 0.175000 0.195312
19 0.108594 0.845313 0.217188 0.290625
19 0.095312 0.608594 0.187500 0.146875
19 0.393750 0.799219 0.240625 0.175000
19 0.288281 0.583594 0.156250 0.135937
19 0.693750 0.725781 0.204687 0.154688
19 0.180469 0.502344 0.143750 0.139063
19 0.228125 0.666406 0.143750 0.137500
19 0.445312 0.473438 0.168750 0.109375
19 0.778125 0.694531 0.200000 0.118750
19 0.484375 0.603906 0.246875 0.165625
19 0.498437 0.756250 0.270313 0.176563
19 0.727344 0.582031 0.240625 0.121875
19 0.069531 0.461719 0.139063 0.120313
