19 0.777344 0.395313 0.203125 0.401562
19 0.287500 0.649219 0.221875 0.390625
19 0.497656 0.591406 0.215625 0.414062
19 0.360938 0.871875 0.169531 0.244531
19 0.102344 0.535156 0.198437 0.582031
19 0.157031 0.866406 0.210938 0.262500
19 0.325000 0.221875 0.166406 0.443750
19 0.133594 0.185156 0.153906 0.364844
19 0.470313 0.772656 0.129688 0.210156
19 0.784375 0.758594 0.329688 0.296094
19 0.916406 0.148438 0.153906 0.296875
19 0.656250 0.169531 0.178125 0.339062
19 0.903125 0.912500 0.187500 0.166406
19 0.458594 0.219531 0.182812 0.428125
19 0.946875 0.695312 0.100000 0.361719
19 0.560156 0.922656 0.208594 0.152344
