19 0.902344 0.722656 0.195312 0.356250
19 0.884375 0.409375 0.215625 0.312500
19 0.212500 0.639844 0.268750 0.253125
19 0.602344 0.465625 0.290625 0.246875
19 0.517969 0.316406 0.165625 0.171875
19 0.331250 0.775781 0.304688 0.384375
19 0.590625 0.883594 0.362500 0.223438
19 0.262500 0.214844 0.112500 0.087500
19 0.085156 0.852344 0.109375 0.215625
19 0.562500 0.725000 0.368750 0.334375
19 0.707812 0.237500 0.257812 0.206250
19 0.193750 0.151562 0.171875 0.143750
19 0.375781 0.299219 0.115625 0.106250
19 0.170313 0.350000 0.173437 0.137500
19 0.043750 0.155469 0.087500 0.120313
19 0.197656 0.069531 0.193750 0.085938
19 0.357812 0.423438 0.235937 0.176563
19 0.441406 0.205469 0.221875 0.082812
19 0.144531 0.909375 0.093750 0.179688
