19 0.574219 0.583594 0.214062 0.468750
19 0.732031 0.578906 0.190625 0.396875
19 0.878125 0.560156 0.243750 0.414062
19 0.663281 0.212500 0.168750 0.231250
19 0.284375 0.208594 0.206250 0.276562
19 0.108594 0.236719 0.201563 0.264062
19 0.200000 0.567969 0.212500 0.387500
19 0.078906 0.583594 0.157812 0.395313
19 0.388281 0.573438 0.159375 0.412500
19 0.886719 0.145313 0.226562 0.290625
19 0.400000 0.796875 0.142187 0.345313
19 0.915625 0.828125 0.168750 0.309375
19 0.482031 0.203906 0.181250 0.265625
19 0.574219 0.078125 0.218750 0.156250
19 0.214062 0.762500 0.179688 0.237500
19 0.099219 0.076563 0.198437 0.151562
19 0.564844 0.841406 0.143750 0.187500
19 0.813281 0.821094 0.115625 0.231250
19 0.174219 0.931250 0.148438 0.137500
19 0.745313 0.776563 0.156250 0.173437
19 0.635156 0.887500 0.134375 0.225000
19 0.805469 0.064844 0.234375 0.129688
19 0.316406 0.064844 0.234375 0.123438
19 0.066406 0.859375 0.132812 0.201563
