19 0.369531 0.674219 0.194531 0.236719
19 0.162500 0.642969 0.101562 0.153125
19 0.317188 0.422656 0.125000 0.113281
19 0.918750 0.680469 0.162500 0.232813
19 0.835156 0.434375 0.213281 0.200000
19 0.582812 0.726562 0.250781 0.255469
19 0.736719 0.524219 0.136719 0.146875
19 0.469531 0.487500 0.103906 0.135937
19 0.176563 0.518750 0.193750 0.121875
19 0.300000 0.599219 0.211719 0.163281
19 0.702344 0.390625 0.108594 0.134375
19 0.881250 0.588281 0.145313 0.174219
19 0.735156 0.801562 0.239844 0.230469
19 0.553906 0.475000 0.082812 0.125781
19 0.146094 0.464062 0.162500 0.089063
19 0.789844 0.637500 0.097656 0.139844
19 0.440625 0.392969 0.139063 0.122656
19 0.395313 0.846094 0.171875 0.148438
19 0.432031 0.688281 0.167187 0.145313
