19 0.200000 0.714063 0.384375 0.175000
19 0.489063 0.167187 0.498437 0.221875
19 0.267188 0.623437 0.425000 0.162500
19 0.810937 0.455469 0.370312 0.329688
19 0.709375 0.635156 0.459375 0.196875
19 0.833594 0.089063 0.284375 0.165625
19 0.298438 0.357031 0.325000 0.121875
19 0.534375 0.728906 0.221875 0.156250
19 0.352344 0.464844 0.509375 0.214062
19 0.164062 0.211719 0.323437 0.215625
19 0.775781 0.960156 0.418750 0.079687
19 0.227344 0.896094 0.409375 0.206250
19 0.927344 0.210938 0.137500 0.318750
19 0.709375 0.467969 0.196875 0.137500
19 0.791406 0.803906 0.392188 0.228125
