19 0.194531 0.326562 0.381250 0.501563
19 0.904687 0.474219 0.189062 0.621875
19 0.575000 0.400000 0.217188 0.565625
19 0.395313 0.210938 0.184375 0.228125
19 0.104688 0.572656 0.165625 0.353125
19 0.752344 0.303906 0.153125 0.276562
19 0.907813 0.864844 0.143750 0.181250
19 0.469531 0.856250 0.121875 0.203125
19 0.773438 0.868750 0.145313 0.234375
19 0.702344 0.579688 0.140625 0.409375
19 0.270313 0.617969 0.143750 0.159375
19 0.674219 0.842969 0.125000 0.159375
19 0.425000 0.493750 0.157812 0.462500
19 0.814844 0.955469 0.084375 0.087500
19 0.288281 0.727344 0.157812 0.198437
19 0.580469 0.723437 0.104688 0.115625
19 0.647656 0.958594 0.106250 0.079687
