19 0.343750 0.373437 0.191406 0.187500
19 0.204687 0.316406 0.158594 0.178125
19 0.819531 0.271094 0.111719 0.197656
19 0.901563 0.587500 0.182812 0.529687
19 0.364844 0.243750 0.139844 0.104688
19 0.762500 0.330469 0.115625 0.171094
19 0.694531 0.245312 0.102344 0.093750
19 0.493750 0.637500 0.221875 0.529687
19 0.288281 0.642969 0.262500 0.535937
19 0.116406 0.675000 0.225000 0.515625
19 0.662500 0.559375 0.217969 0.557813
19 0.061719 0.304688 0.123438 0.252344
19 0.502344 0.245312 0.144531 0.178906
19 0.113281 0.227344 0.156250 0.185156
