19 0.805469 0.673438 0.381250 0.501563
19 0.095312 0.525781 0.189062 0.621875
19 0.425000 0.600000 0.216406 0.565625
19 0.604688 0.789062 0.184375 0.228125
19 0.895312 0.427344 0.165625 0.353125
19 0.247656 0.696094 0.152344 0.276562
19 0.092188 0.135156 0.144531 0.180469
19 0.530469 0.143750 0.121094 0.203125
19 0.226562 0.131250 0.145313 0.233594
19 0.297656 0.420312 0.140625 0.408594
19 0.729688 0.382031 0.143750 0.159375
19 0.325781 0.157031 0.124219 0.158594
19 0.575000 0.506250 0.157031 0.461719
19 0.185156 0.044531 0.085156 0.088281
19 0.711719 0.272656 0.157812 0.198437
19 0.419531 0.276562 0.104688 0.116406
19 0.352344 0.041406 0.105469 0.079687
