19 0.869531 0.910937 0.096094 0.144531
19 0.717187 0.882812 0.114844 0.092969
19 0.155469 0.907813 0.094531 0.121094
19 0.604688 0.818750 0.075781 0.117969
19 0.368750 0.867969 0.079687 0.149219
19 0.306250 0.900781 0.073438 0.124219
19 0.313281 0.758594 0.049219 0.160938
19 0.361719 0.746094 0.094531 0.123438
19 0.528906 0.827344 0.073438 0.142969
19 0.489844 0.671875 0.058594 0.094531
19 0.066406 0.807813 0.107813 0.073438
19 0.793750 0.869531 0.057031 0.130469
19 0.852344 0.800781 0.085938 0.085156
19 0.239844 0.901563 0.065625 0.117188
19 0.176563 0.750781 0.061719 0.132031
19 0.961719 0.819531 0.071875 0.109375
19 0.441406 0.936719 0.048438 0.126562
19 0.500781 0.907031 0.067187 0.127344
19 0.644531 0.910937 0.058594 0.101562
19 0.817187 0.959375 0.070312 0.081250
19 0.453125 0.745313 0.084375 0.117969
19 0.884375 0.748437 0.089844 0.095312
19 0.753906 0.753906 0.049219 0.128125
19 0.803906 0.726562 0.078906 0.119531
19 0.426563 0.654687 0.066406 0.100781
19 0.735156 0.957031 0.067969 0.085156
19 0.575781 0.930469 0.071875 0.114062
19 0.272656 0.814844 0.064844 0.090625
19 0.073438 0.942187 0.112500 0.115625
19 0.964063 0.741406 0.069531 0.064844
19 0.555469 0.734375 0.078125 0.096094
19 0.902344 0.687500 0.097656 0.073438
19 0.963281 0.909375 0.073438 0.105469
19 0.670312 0.794531 0.070312 0.117969
19 0.215625 0.835156 0.060937 0.096094
19 0.103125 0.746875 0.100000 0.064062
