19 0.159375 0.078906 0.309375 0.151562
19 0.269531 0.257812 0.421875 0.203125
19 0.391406 0.907813 0.368750 0.184375
19 0.120313 0.855469 0.231250 0.187500
19 0.573438 0.086719 0.506250 0.153125
19 0.257812 0.734375 0.500000 0.182812
19 0.228125 0.559375 0.450000 0.148438
19 0.685937 0.439063 0.604688 0.245312
19 0.283594 0.464844 0.371875 0.218750
19 0.707812 0.626563 0.575000 0.218750
19 0.701562 0.225781 0.581250 0.203125
19 0.737500 0.820312 0.506250 0.190625
19 0.747656 0.954688 0.465625 0.089063
