19 0.602344 0.753906 0.228906 0.434375
19 0.770312 0.653906 0.205469 0.435156
19 0.282031 0.512500 0.135156 0.236719
19 0.278906 0.793750 0.175781 0.396094
19 0.107031 0.805469 0.150000 0.389062
19 0.441406 0.814063 0.156250 0.359375
19 0.385937 0.519531 0.138281 0.366406
19 0.484375 0.410938 0.128125 0.298438
19 0.142969 0.357031 0.122656 0.314063
19 0.785937 0.400000 0.139844 0.285938
19 0.089844 0.520312 0.165625 0.278906
19 0.567969 0.236719 0.150781 0.317969
19 0.534375 0.536719 0.167969 0.261719
19 0.244531 0.321875 0.121094 0.336719
19 0.703125 0.300000 0.103906 0.242188
19 0.631250 0.450000 0.140625 0.262500
19 0.346875 0.327344 0.159375 0.189844
19 0.767188 0.184375 0.116406 0.178906
19 0.207813 0.578125 0.107813 0.312500
19 0.440625 0.225000 0.121094 0.186719
19 0.932031 0.640625 0.133594 0.492969
19 0.807031 0.066406 0.123438 0.132812
19 0.935156 0.371875 0.129688 0.316406
