19 0.183594 0.858594 0.159375 0.253125
19 0.354687 0.639844 0.121875 0.218750
19 0.107813 0.167187 0.182812 0.237500
19 0.208594 0.661719 0.162500 0.278125
19 0.330469 0.850781 0.134375 0.264062
19 0.777344 0.384375 0.190625 0.218750
19 0.493750 0.647656 0.159375 0.265625
19 0.479687 0.865625 0.159375 0.253125
19 0.291406 0.292187 0.170313 0.217188
19 0.796875 0.826562 0.162500 0.193750
19 0.633594 0.500781 0.226562 0.250000
19 0.921094 0.902344 0.140625 0.184375
19 0.387500 0.488281 0.145313 0.198437
19 0.250781 0.089844 0.225000 0.171875
19 0.940625 0.741406 0.117188 0.268750
19 0.061719 0.712500 0.117188 0.150000
19 0.922656 0.481250 0.153125 0.231250
19 0.053906 0.866406 0.101562 0.187500
19 0.439063 0.143750 0.181250 0.240625
19 0.067187 0.535156 0.126562 0.225000
19 0.467187 0.365625 0.151562 0.195312
19 0.820312 0.626563 0.181250 0.253125
19 0.655469 0.725000 0.171875 0.234375
19 0.828906 0.141406 0.315625 0.281250
19 0.607812 0.242969 0.200000 0.243750
19 0.142969 0.423438 0.209375 0.250000
19 0.613281 0.057813 0.221875 0.112500
