19 0.415625 0.316406 0.197656 0.271094
19 0.295312 0.474219 0.205469 0.276562
19 0.285938 0.146875 0.184375 0.293750
19 0.612500 0.329688 0.205469 0.226562
19 0.832812 0.572656 0.325000 0.368750
19 0.142969 0.317969 0.251563 0.339844
19 0.223438 0.670312 0.225781 0.300781
19 0.538281 0.533594 0.219531 0.282031
19 0.775781 0.759375 0.275000 0.293750
19 0.584375 0.820312 0.253906 0.180469
19 0.878125 0.351562 0.228125 0.257812
19 0.089844 0.789062 0.172656 0.235937
19 0.357031 0.842187 0.260937 0.138281
19 0.876563 0.107031 0.160938 0.211719
19 0.803906 0.186719 0.186719 0.159375
19 0.121094 0.082031 0.185156 0.162500
19 0.059375 0.512500 0.118750 0.318750
