19 0.368750 0.650000 0.435937 0.242188
19 0.693750 0.690625 0.390625 0.209375
19 0.645312 0.864062 0.253125 0.271875
19 0.153906 0.867969 0.296875 0.220312
19 0.108594 0.617969 0.207813 0.279687
19 0.626563 0.326562 0.359375 0.301563
19 0.878125 0.865625 0.237500 0.187500
19 0.875781 0.323437 0.246875 0.248438
19 0.291406 0.336719 0.331250 0.279687
19 0.335938 0.773438 0.328125 0.121875
19 0.842969 0.521094 0.309375 0.198437
19 0.592969 0.463281 0.309375 0.131250
19 0.127344 0.164844 0.239063 0.314063
19 0.442969 0.119531 0.409375 0.231250
19 0.910937 0.692969 0.176563 0.192188
19 0.822656 0.121094 0.354687 0.242188
