19 0.496875 0.614844 0.125000 0.306250
19 0.744531 0.904687 0.120313 0.190625
19 0.760938 0.740625 0.118750 0.143750
19 0.385937 0.835156 0.165625 0.123438
19 0.924219 0.920312 0.151562 0.159375
19 0.658594 0.792969 0.106250 0.168750
19 0.882031 0.435156 0.153125 0.339062
19 0.468750 0.949219 0.115625 0.101562
19 0.602344 0.914844 0.125000 0.170313
19 0.145313 0.588281 0.135937 0.145313
19 0.235937 0.908594 0.137500 0.171875
19 0.082031 0.883594 0.164062 0.165625
19 0.903125 0.765625 0.192188 0.146875
19 0.790625 0.582031 0.203125 0.220312
19 0.529687 0.821875 0.142187 0.165625
19 0.318750 0.351562 0.132812 0.337500
19 0.240625 0.541406 0.134375 0.281250
19 0.366406 0.537500 0.121875 0.225000
19 0.750781 0.400000 0.112500 0.331250
19 0.643750 0.396875 0.137500 0.332813
19 0.205469 0.299219 0.096875 0.225000
19 0.055469 0.445312 0.104688 0.306250
19 0.086719 0.710938 0.168750 0.220312
19 0.245312 0.721875 0.129688 0.165625
19 0.913281 0.662500 0.170313 0.148438
19 0.596875 0.110937 0.151562 0.221875
19 0.229687 0.110937 0.156250 0.221875
19 0.090625 0.149219 0.181250 0.298438
19 0.701562 0.114844 0.162500 0.229687
