19 0.849219 0.622656 0.301563 0.193750
19 0.240625 0.517969 0.471875 0.181250
19 0.201563 0.380469 0.401562 0.153125
19 0.281250 0.924219 0.328125 0.140625
19 0.350000 0.721875 0.531250 0.232813
19 0.567187 0.784375 0.312500 0.184375
19 0.475781 0.131250 0.409375 0.171875
19 0.869531 0.808594 0.248438 0.189062
19 0.150000 0.205469 0.300000 0.203125
19 0.889062 0.360938 0.210938 0.140625
19 0.703906 0.279687 0.471875 0.173437
19 0.740625 0.476562 0.428125 0.193750
19 0.807813 0.118750 0.301563 0.134375
