19 0.395313 0.222656 0.401562 0.203125
19 0.649219 0.712500 0.390625 0.221875
19 0.591406 0.502344 0.414062 0.215625
19 0.871875 0.639062 0.243750 0.168750
19 0.535156 0.897656 0.581250 0.198437
19 0.866406 0.842969 0.262500 0.210938
19 0.221875 0.675000 0.443750 0.167187
19 0.185156 0.866406 0.365625 0.154688
19 0.772656 0.529687 0.209375 0.129688
19 0.758594 0.215625 0.296875 0.329688
19 0.148438 0.083594 0.296875 0.153125
19 0.169531 0.343750 0.339062 0.178125
19 0.912500 0.096875 0.165625 0.187500
19 0.219531 0.541406 0.428125 0.182812
19 0.695312 0.053125 0.362500 0.100000
19 0.922656 0.439844 0.153125 0.209375
