19 0.364063 0.903906 0.312500 0.184375
19 0.539062 0.694531 0.243750 0.171875
19 0.185156 0.160938 0.350000 0.259375
19 0.214062 0.816406 0.285938 0.131250
19 0.179688 0.646875 0.337500 0.295312
19 0.316406 0.078125 0.337500 0.146875
19 0.464062 0.400000 0.231250 0.131250
19 0.328906 0.509375 0.368750 0.250000
19 0.307031 0.272656 0.264062 0.212500
19 0.173437 0.392188 0.328125 0.246875
19 0.397656 0.698438 0.156250 0.157812
19 0.551562 0.882031 0.229687 0.156250
19 0.505469 0.116406 0.234375 0.165625
19 0.764062 0.302344 0.134375 0.085938
19 0.805469 0.460156 0.150000 0.081250
19 0.772656 0.406250 0.146875 0.103125
19 0.684375 0.958594 0.204687 0.071875
19 0.703906 0.613281 0.156250 0.118750
19 0.505469 0.248438 0.334375 0.210938
19 0.544531 0.546094 0.193750 0.143750
19 0.457031 0.809375 0.218750 0.143750
19 0.613281 0.409375 0.184375 0.134375
19 0.746875 0.136719 0.101562 0.110937
19 0.929688 0.860156 0.068750 0.048438
19 0.718750 0.260156 0.112500 0.103125
19 0.732812 0.790625 0.175000 0.145313
19 0.847656 0.329688 0.085938 0.067187
19 0.755469 0.519531 0.131250 0.117188
19 0.941406 0.767969 0.071875 0.062500
19 0.919531 0.635938 0.087500 0.067187
19 0.691406 0.384375 0.115625 0.101562
19 0.650781 0.284375 0.081250 0.115625
19 0.626563 0.512500 0.178125 0.112500
19 0.889844 0.530469 0.115625 0.078125
19 0.944531 0.707031 0.073438 0.062500
19 0.953125 0.814844 0.075000 0.059375
19 0.865625 0.909375 0.103125 0.081250
19 0.828125 0.550781 0.125000 0.082812
19 0.628906 0.784375 0.171875 0.103125
19 0.811719 0.721875 0.129688 0.085938
