19 0.535937 0.787500 0.165625 0.404687
19 0.095312 0.717187 0.160156 0.221875
19 0.519531 0.626563 0.144531 0.170313
19 0.700000 0.164062 0.088281 0.079687
19 0.751563 0.775781 0.220312 0.278125
19 0.320312 0.585938 0.171875 0.158594
19 0.672656 0.264844 0.122656 0.075781
19 0.639062 0.197656 0.079687 0.104688
19 0.291406 0.814063 0.245312 0.371875
19 0.704688 0.494531 0.127344 0.108594
19 0.907813 0.242969 0.127344 0.073438
19 0.798438 0.252344 0.097656 0.073438
19 0.885156 0.883594 0.229687 0.232031
19 0.843750 0.189062 0.139063 0.060156
19 0.050781 0.269531 0.095312 0.117969
19 0.142969 0.467187 0.150781 0.166406
19 0.114844 0.250781 0.070312 0.082812
