19 0.921094 0.159375 0.151562 0.308594
19 0.742188 0.269531 0.203125 0.421094
19 0.092188 0.391406 0.183594 0.367969
19 0.144531 0.120313 0.187500 0.230469
19 0.913281 0.573438 0.153906 0.507031
19 0.265625 0.257812 0.182031 0.500000
19 0.440625 0.228125 0.148438 0.450000
19 0.560937 0.685937 0.245312 0.604688
19 0.535156 0.283594 0.218750 0.371094
19 0.373437 0.707812 0.217969 0.574219
19 0.774219 0.701562 0.203906 0.581250
19 0.179688 0.737500 0.190625 0.506250
19 0.045312 0.747656 0.089063 0.465625
