19 0.518750 0.574219 0.082031 0.119531
19 0.301563 0.693750 0.065625 0.111719
19 0.803125 0.503125 0.073438 0.100781
19 0.398438 0.544531 0.092969 0.098437
19 0.670312 0.529687 0.070312 0.098437
19 0.319531 0.499219 0.070312 0.083594
19 0.740625 0.521094 0.073438 0.106250
19 0.635938 0.731250 0.085156 0.112500
19 0.209375 0.605469 0.082812 0.141406
19 0.284375 0.598437 0.071875 0.144531
19 0.853906 0.582031 0.078125 0.107813
19 0.795312 0.602344 0.076563 0.102344
19 0.590625 0.550781 0.092188 0.114844
19 0.663281 0.633594 0.085938 0.109375
19 0.732031 0.621094 0.082031 0.107813
19 0.371875 0.706250 0.069531 0.105469
19 0.249219 0.503125 0.070312 0.092188
19 0.839844 0.678125 0.068750 0.100781
19 0.495312 0.673438 0.088281 0.119531
19 0.711719 0.716406 0.071094 0.107813
19 0.478906 0.783594 0.093750 0.132812
19 0.580469 0.653906 0.083594 0.116406
19 0.335156 0.801562 0.067969 0.107813
19 0.640625 0.489844 0.076563 0.080469
19 0.346094 0.593750 0.060156 0.111719
19 0.403906 0.794531 0.067969 0.113281
19 0.901563 0.660156 0.068750 0.101562
19 0.553906 0.754687 0.076563 0.114062
19 0.264062 0.785156 0.075781 0.125781
19 0.775781 0.698438 0.071094 0.105469
