19 0.667969 0.736719 0.292187 0.171875
19 0.886719 0.810937 0.226562 0.179688
19 0.728906 0.920312 0.396875 0.157812
19 0.878125 0.640625 0.242188 0.156250
19 0.895312 0.492969 0.209375 0.153125
19 0.856250 0.284375 0.287500 0.150000
19 0.304688 0.879687 0.542188 0.229687
19 0.854688 0.126562 0.290625 0.165625
19 0.702344 0.573438 0.331250 0.209375
19 0.604688 0.061719 0.387500 0.123438
19 0.277344 0.151562 0.507812 0.178125
19 0.296875 0.667188 0.540625 0.215625
19 0.402344 0.501563 0.325000 0.170313
19 0.262500 0.416406 0.400000 0.331250
19 0.647656 0.377344 0.412500 0.175000
19 0.604688 0.203125 0.412500 0.173437
