21 0.012000 0.438989 0.024000 0.039044
21 0.013000 0.467019 0.026000 0.045050
21 0.014000 0.278310 0.028000 0.036041
21 0.015000 0.348388 0.030000 0.074082
21 0.020500 0.140656 0.041000 0.045050
21 0.101500 0.223749 0.203000 0.215240
21 0.126000 0.558622 0.252000 0.268298
21 0.286500 0.591158 0.345000 0.297331
21 0.284500 0.360401 0.287000 0.188209
21 0.501000 0.430479 0.326000 0.246274
21 0.587000 0.644717 0.338000 0.306342
21 0.654500 0.287319 0.265000 0.248276
21 0.786500 0.409456 0.279000 0.222247
21 0.843500 0.693772 0.351000 0.314350
21 0.999000 0.479033 0.306000 0.287320
