21 0.017500 0.904000 0.035000 0.072000
21 0.055500 0.602500 0.111000 0.209000
21 0.121000 0.487500 0.058000 0.049001
21 0.135000 0.315000 0.076000 0.076001
21 0.183000 0.259000 0.124000 0.114000
21 0.244500 0.850000 0.093000 0.072000
21 0.277500 0.238500 0.135000 0.147000
21 0.336000 0.479000 0.058000 0.066000
21 0.369500 0.456500 0.041000 0.041000
21 0.393000 0.791500 0.084000 0.071000
21 0.437500 0.214000 0.145000 0.122000
21 0.420000 0.275500 0.106000 0.081000
21 0.462000 0.463000 0.128000 0.140000
21 0.510000 0.782500 0.108000 0.093000
21 0.481000 0.713500 0.038000 0.035000
21 0.562500 0.860500 0.073000 0.081000
21 0.676000 0.959000 0.176000 0.194000
21 0.663500 0.616500 0.101000 0.088999
21 0.666500 0.697000 0.091000 0.068000
21 0.681500 0.122500 0.103000 0.093000
21 0.677000 0.835000 0.070000 0.062000
21 0.694000 0.611500 0.078000 0.107000
21 0.711500 0.758500 0.047000 0.045000
21 0.742500 0.231500 0.109000 0.107000
21 0.724000 0.459500 0.068000 0.081000
21 0.819000 0.692000 0.134000 0.128000
21 0.810500 0.375000 0.077000 0.079999
21 0.830000 0.759000 0.062000 0.055999
21 0.843500 0.455500 0.051000 0.051000
21 0.872500 0.360500 0.055000 0.065000
21 0.866500 0.420500 0.035000 0.055000
21 0.950000 0.868000 0.186000 0.190000
21 0.983000 0.539500 0.202000 0.169000
21 0.970500 0.247500 0.091000 0.091001
21 0.985000 0.401500 0.066000 0.085000
