24 0.457813 0.375781 0.201563 0.143750
24 0.537500 0.315625 0.176563 0.117188
24 0.686719 0.284375 0.198437 0.146875
24 0.744531 0.137500 0.217188 0.175000
24 0.600000 0.161719 0.164062 0.145313
24 0.509375 0.244531 0.218750 0.167187
24 0.392969 0.260156 0.115625 0.125000
24 0.425781 0.167187 0.146875 0.132812
24 0.493750 0.083594 0.160938 0.142187
24 0.648438 0.056250 0.190625 0.104688
24 0.468750 0.040625 0.150000 0.081250
24 0.289844 0.185938 0.154688 0.109375
24 0.306250 0.110156 0.179688 0.150000
24 0.347656 0.050000 0.135937 0.084375
24 0.330469 0.017969 0.157812 0.035937
