24 0.526563 0.628125 0.210938 0.164062
24 0.440625 0.678125 0.184375 0.135937
24 0.288281 0.691406 0.209375 0.165625
24 0.213281 0.830469 0.231250 0.195312
24 0.360156 0.823438 0.176563 0.160938
24 0.459375 0.752344 0.231250 0.189062
24 0.576562 0.750781 0.126562 0.134375
24 0.532813 0.839063 0.157812 0.145313
24 0.455469 0.914062 0.173437 0.156250
24 0.299219 0.922656 0.195312 0.123438
24 0.473438 0.956250 0.156250 0.087500
24 0.670312 0.837500 0.162500 0.125000
24 0.644531 0.910156 0.192188 0.167187
24 0.596875 0.957812 0.140625 0.084375
24 0.605469 0.985938 0.160938 0.028125
