24 0.617969 0.442969 0.122656 0.188281
24 0.687500 0.514844 0.098437 0.164844
24 0.736719 0.659375 0.125781 0.183594
24 0.889844 0.698438 0.151562 0.200000
24 0.847656 0.557813 0.128125 0.149219
24 0.754687 0.478125 0.144531 0.203906
24 0.725000 0.364844 0.111719 0.103906
24 0.821094 0.385937 0.117188 0.132812
24 0.912500 0.442969 0.125781 0.147656
24 0.958594 0.592969 0.082812 0.182031
24 0.960156 0.412500 0.079687 0.141406
24 0.785937 0.253125 0.092188 0.144531
24 0.863281 0.260156 0.131250 0.164844
24 0.928125 0.293750 0.069531 0.127344
24 0.974219 0.271875 0.051562 0.152344
