25 0.247054 0.646400 0.084308 0.055466
25 0.358041 0.778133 0.071502 0.054400
25 0.424741 0.480534 0.068300 0.052267
25 0.512784 0.232000 0.073636 0.062934
25 0.536262 0.302933 0.065098 0.051200
25 0.588020 0.644800 0.059762 0.062934
25 0.607230 0.602667 0.066166 0.038400
25 0.683000 0.594666 0.068300 0.065067
25 0.685668 0.531733 0.062964 0.054400
25 0.692071 0.768534 0.056561 0.071467
25 0.775845 0.596800 0.074703 0.043734
25 0.789185 0.452266 0.090711 0.049067
25 0.797723 0.728534 0.080039 0.055467
25 0.819600 0.371200 0.057628 0.046934
25 0.823869 0.297600 0.055494 0.040534
25 0.878829 0.647466 0.043755 0.068267
25 0.901773 0.598400 0.051225 0.057600
25 0.907109 0.948800 0.046956 0.041600
25 0.927920 0.684800 0.060830 0.049066
25 0.930588 0.999467 0.055494 0.076800
25 0.981279 0.672534 0.045889 0.045867
25 0.989283 0.854400 0.046956 0.055466
