25 0.026001 0.908000 0.052003 0.064000
25 0.073004 0.907000 0.058004 0.078000
25 0.076004 0.899000 0.064004 0.070000
25 0.190011 0.633000 0.076005 0.070000
25 0.192011 0.642000 0.068004 0.076000
25 0.281016 0.345000 0.070004 0.094000
25 0.347020 0.913000 0.058003 0.058000
25 0.356021 0.860000 0.076005 0.052000
25 0.346020 0.911000 0.052003 0.054000
25 0.357021 0.860000 0.074004 0.036000
25 0.402024 0.455000 0.096005 0.062000
25 0.408024 0.452000 0.100006 0.064000
25 0.402024 0.926000 0.044002 0.068000
25 0.412025 0.911000 0.060004 0.058000
25 0.495030 0.559000 0.106006 0.062000
25 0.497029 0.557000 0.102006 0.070000
25 0.611036 0.416000 0.086005 0.084000
25 0.611036 0.417000 0.082005 0.090000
25 0.654038 0.997000 0.096005 0.070000
25 0.651039 0.999000 0.074004 0.074000
25 0.815047 0.928000 0.094006 0.056000
25 0.819048 0.923000 0.094006 0.066000
25 0.838049 0.441000 0.076004 0.062000
