26 0.531250 0.562500 0.182500 0.160000
26 0.726250 0.546250 0.197500 0.222500
26 0.375000 0.255000 0.155000 0.070000
26 0.736250 0.422500 0.247500 0.110000
26 0.763750 0.353750 0.232500 0.082500
26 0.733750 0.286250 0.192500 0.062500
26 0.516250 0.278750 0.242500 0.097500
26 0.591250 0.322500 0.152500 0.090000
26 0.522500 0.390000 0.220000 0.130000
26 0.176250 0.507500 0.197500 0.150000
26 0.335236 0.557209 0.218298 0.171917
26 0.272746 0.419876 0.159973 0.106912
26 0.450216 0.438941 0.248293 0.128372
26 0.339401 0.335489 0.283288 0.104858
