26 0.274306 0.583496 0.076389 0.065430
26 0.321181 0.589355 0.093750 0.081055
26 0.388889 0.588867 0.055556 0.083984
26 0.444444 0.588867 0.055556 0.087891
26 0.494792 0.583008 0.052083 0.087891
26 0.546875 0.579102 0.059028 0.091797
26 0.600694 0.577148 0.062500 0.087891
26 0.652778 0.580078 0.062500 0.078125
26 0.697917 0.586914 0.055556 0.068359
26 0.746528 0.593750 0.055556 0.039062
26 0.743056 0.655273 0.062500 0.060547
26 0.689236 0.654297 0.065972 0.070312
26 0.637153 0.656250 0.059028 0.074219
26 0.583333 0.659180 0.069444 0.076172
26 0.538194 0.662109 0.076389 0.074219
26 0.484375 0.665039 0.072917 0.080078
26 0.381944 0.663086 0.062500 0.072266
26 0.427083 0.668945 0.062500 0.068359
26 0.338542 0.661133 0.059028 0.068359
26 0.288194 0.661133 0.069444 0.060547
26 0.788194 0.653320 0.055556 0.037109
26 0.680556 0.734375 0.048611 0.078125
26 0.628472 0.740723 0.069444 0.083008
26 0.569444 0.743164 0.076389 0.087891
26 0.515625 0.748535 0.065972 0.090820
26 0.456597 0.747070 0.065972 0.087891
26 0.402778 0.719727 0.069444 0.044922
26 0.534722 0.743164 0.333333 0.107422
