26 0.463542 0.754883 0.072917 0.091797
26 0.527778 0.759766 0.069444 0.085938
26 0.588542 0.758789 0.072917 0.080078
26 0.647569 0.750977 0.065972 0.076172
26 0.399306 0.755859 0.076389 0.097656
26 0.262153 0.672852 0.059028 0.056641
26 0.307292 0.675781 0.059028 0.070312
26 0.378472 0.673828 0.076389 0.074219
26 0.425347 0.658203 0.059028 0.070312
26 0.477431 0.657227 0.059028 0.076172
26 0.531250 0.660645 0.062500 0.079102
26 0.583333 0.663086 0.062500 0.087891
26 0.640625 0.659180 0.059028 0.080078
26 0.258681 0.590820 0.059028 0.068359
26 0.307292 0.583008 0.059028 0.080078
26 0.364583 0.581543 0.062500 0.088867
26 0.414931 0.581055 0.072917 0.087891
26 0.473958 0.573242 0.065972 0.087891
26 0.529514 0.577148 0.059028 0.091797
26 0.585069 0.575195 0.059028 0.087891
26 0.640625 0.574707 0.065972 0.075195
