26 0.274306 0.587402 0.069444 0.069336
26 0.329861 0.580078 0.062500 0.082031
26 0.387153 0.578125 0.065972 0.085938
26 0.447917 0.574219 0.055556 0.089844
26 0.503472 0.573242 0.055556 0.091797
26 0.557292 0.571289 0.059028 0.091797
26 0.614583 0.573730 0.069444 0.088867
26 0.677083 0.580078 0.076389 0.078125
26 0.725694 0.579102 0.062500 0.060547
26 0.769097 0.590820 0.052083 0.041016
26 0.253472 0.654297 0.055556 0.058594
26 0.302083 0.660156 0.055556 0.070312
26 0.357639 0.667969 0.062500 0.078125
26 0.413194 0.656250 0.062500 0.074219
26 0.468750 0.655273 0.062500 0.080078
26 0.524306 0.660156 0.062500 0.085938
26 0.576389 0.663086 0.062500 0.087891
26 0.633681 0.655273 0.059028 0.080078
26 0.685764 0.653809 0.072917 0.065430
26 0.739583 0.660645 0.055556 0.059570
26 0.788194 0.648926 0.048611 0.043945
26 0.394097 0.750977 0.065972 0.099609
26 0.456597 0.752930 0.072917 0.091797
26 0.515625 0.757812 0.065972 0.085938
26 0.572917 0.753906 0.069444 0.082031
26 0.633681 0.751953 0.065972 0.078125
26 0.684028 0.733398 0.055556 0.080078
