26 0.272569 0.583008 0.079861 0.064453
26 0.320345 0.589229 0.095422 0.080802
26 0.387153 0.588379 0.059028 0.083008
26 0.444444 0.588867 0.055556 0.087891
26 0.385417 0.588379 0.062500 0.083008
26 0.494792 0.583008 0.052083 0.087891
26 0.545139 0.579102 0.055556 0.091797
26 0.600694 0.577148 0.062500 0.087891
26 0.272569 0.663086 0.059028 0.056641
26 0.333333 0.661621 0.055556 0.069336
26 0.378472 0.663086 0.062500 0.072266
26 0.427083 0.666992 0.062500 0.068359
26 0.477559 0.662616 0.059285 0.075231
26 0.538194 0.663086 0.076389 0.076172
26 0.583333 0.658203 0.069444 0.078125
26 0.402778 0.745117 0.062500 0.099609
26 0.460069 0.746094 0.072917 0.085938
26 0.517361 0.748047 0.069444 0.093750
26 0.578125 0.748535 0.072917 0.086914
26 0.750000 0.658203 0.062500 0.058594
26 0.720486 0.594727 0.065972 0.064453
26 0.798611 0.656250 0.055556 0.039062
