26 0.343750 0.741211 0.069444 0.099609
26 0.411458 0.750000 0.072917 0.093750
26 0.472222 0.752930 0.069444 0.087891
26 0.534722 0.750977 0.076389 0.080078
26 0.597222 0.748047 0.069444 0.078125
26 0.647569 0.742188 0.059028 0.078125
26 0.704861 0.734375 0.055556 0.035156
26 0.763889 0.662109 0.055556 0.058594
26 0.710069 0.671875 0.059028 0.062500
26 0.652778 0.670898 0.062500 0.080078
26 0.593750 0.674805 0.062500 0.083984
26 0.541667 0.672363 0.062500 0.079102
26 0.484375 0.670898 0.065972 0.076172
26 0.432292 0.665039 0.065972 0.072266
26 0.376736 0.672852 0.052083 0.076172
26 0.333333 0.657227 0.048611 0.068359
26 0.286458 0.658203 0.052083 0.058594
26 0.276042 0.582031 0.059028 0.066406
26 0.324653 0.580078 0.065972 0.082031
26 0.380208 0.583984 0.052083 0.082031
26 0.432292 0.583984 0.052083 0.089844
26 0.480903 0.587891 0.052083 0.085938
26 0.534722 0.588867 0.055556 0.091797
26 0.590278 0.586914 0.062500 0.087891
26 0.642361 0.575684 0.062500 0.073242
26 0.704861 0.592773 0.062500 0.064453
26 0.750000 0.596680 0.055556 0.033203
