26 0.513281 0.295312 0.553125 0.303125
26 0.257422 0.255469 0.327344 0.310937
26 0.382422 0.221875 0.528906 0.321875
26 0.393750 0.378125 0.531250 0.478125
26 0.322266 0.272266 0.375781 0.402344
26 0.256250 0.278125 0.164062 0.367188
26 0.311719 0.251953 0.401562 0.250781
26 0.364453 0.315234 0.346094 0.463281
26 0.374219 0.263281 0.498437 0.364063
26 0.431250 0.301563 0.579687 0.451562
26 0.201172 0.349219 0.049219 0.414062
26 0.160156 0.277734 0.006250 0.358594
26 0.279687 0.370312 0.323437 0.464062
26 0.342578 0.398828 0.380469 0.489844
26 0.242578 0.385937 0.157031 0.456250
