26 0.277778 0.587891 0.069444 0.070312
26 0.331597 0.580078 0.065972 0.082031
26 0.385417 0.578125 0.069444 0.085938
26 0.446181 0.574219 0.059028 0.089844
26 0.503472 0.574219 0.055556 0.093750
26 0.557292 0.571289 0.059028 0.091797
26 0.614583 0.573730 0.069444 0.088867
26 0.677083 0.581055 0.076389 0.080078
26 0.725694 0.580078 0.062500 0.062500
26 0.765625 0.588867 0.052083 0.041016
26 0.253472 0.654297 0.055556 0.058594
26 0.302083 0.660156 0.055556 0.070312
26 0.357639 0.666992 0.062500 0.080078
26 0.413194 0.656250 0.062500 0.074219
26 0.468750 0.655273 0.062500 0.080078
26 0.524306 0.661133 0.062500 0.083984
26 0.576389 0.663086 0.062500 0.087891
26 0.631944 0.655273 0.055556 0.080078
26 0.685764 0.654297 0.072917 0.066406
26 0.739583 0.661133 0.055556 0.060547
26 0.786458 0.648926 0.052083 0.043945
26 0.684028 0.733398 0.055556 0.080078
26 0.633681 0.751953 0.065972 0.078125
26 0.572917 0.753906 0.069444 0.082031
26 0.515625 0.755859 0.065972 0.085938
26 0.456597 0.752930 0.072917 0.091797
26 0.394097 0.750488 0.065972 0.098633
