26 0.315972 0.396973 0.229167 0.067383
26 0.565972 0.396484 0.284722 0.070312
26 0.548611 0.458984 0.250000 0.066406
26 0.312500 0.463867 0.222222 0.076172
26 0.326389 0.522461 0.250000 0.064453
26 0.321181 0.583984 0.239583 0.070312
26 0.326389 0.639648 0.222222 0.064453
26 0.295139 0.699219 0.180556 0.062500
26 0.557292 0.520996 0.232639 0.065430
26 0.506944 0.590820 0.152778 0.076172
26 0.486111 0.712402 0.173611 0.065430
26 0.517361 0.656250 0.173611 0.074219
26 0.732639 0.482422 0.125000 0.128906
