26 0.332813 0.533203 0.279687 0.597656
26 0.260937 0.408203 0.026563 0.467969
26 0.342578 0.405078 0.311719 0.441406
26 0.455859 0.415625 0.494531 0.503125
26 0.500000 0.358594 0.664062 0.375000
26 0.426172 0.335156 0.483594 0.337500
26 0.410547 0.244141 0.494531 0.214844
26 0.477344 0.279297 0.667188 0.192969
26 0.354687 0.130469 0.353125 0.035937
26 0.416797 0.180859 0.480469 0.116406
26 0.461328 0.184766 0.638281 0.116406
26 0.420703 0.112500 0.508594 0.039062
26 0.306250 0.066797 0.368750 0.008594
26 0.280469 0.128906 0.193750 0.018750
26 0.167969 0.174609 0.051563 0.066406
26 0.170313 0.195312 0.026562 0.223437
26 0.167187 0.344531 0.057813 0.259375
