26 0.548828 0.451172 0.528906 0.546094
26 0.513281 0.363281 0.600000 0.309375
26 0.260937 0.317969 0.193750 0.262500
26 0.274609 0.239062 0.166406 0.042187
26 0.383594 0.523047 0.384375 0.486719
26 0.482422 0.274609 0.644531 0.166406
26 0.184375 0.235547 0.120313 0.008594
26 0.357812 0.330078 0.342188 0.260156
26 0.215625 0.458594 0.093750 0.357812
26 0.541016 0.369922 0.628906 0.464844
26 0.353125 0.142187 0.246875 0.003125
26 0.332812 0.205469 0.331250 0.060938
26 0.405078 0.198437 0.453906 0.010938
26 0.441406 0.221484 0.359375 0.124219
26 0.151953 0.330469 0.066406 0.207813
26 0.281641 0.508984 0.333594 0.458594
26 0.276172 0.502344 0.174219 0.381250
26 0.202734 0.377344 0.025781 0.264063
26 0.417578 0.365625 0.408594 0.348437
