26 0.267361 0.598633 0.062500 0.068359
26 0.319444 0.592773 0.062500 0.080078
26 0.378472 0.583984 0.062500 0.082031
26 0.428819 0.588867 0.072917 0.087891
26 0.484375 0.583008 0.065972 0.087891
26 0.546875 0.581055 0.059028 0.091797
26 0.600694 0.581055 0.062500 0.087891
26 0.651042 0.575684 0.059028 0.077148
26 0.701389 0.578125 0.055556 0.066406
26 0.753472 0.585449 0.055556 0.038086
26 0.279514 0.657227 0.065972 0.056641
26 0.333333 0.666016 0.062500 0.066406
26 0.380208 0.668945 0.072917 0.072266
26 0.425347 0.666016 0.065972 0.070312
26 0.482639 0.666016 0.069444 0.082031
26 0.536458 0.663086 0.072917 0.076172
26 0.586806 0.661133 0.062500 0.076172
26 0.644097 0.663086 0.059028 0.076172
26 0.694444 0.649902 0.062500 0.073242
26 0.744792 0.654297 0.059028 0.058594
26 0.793403 0.655273 0.052083 0.041016
26 0.397569 0.756836 0.086806 0.099609
26 0.468750 0.760742 0.090278 0.095703
26 0.541667 0.760742 0.069444 0.083984
26 0.597222 0.759766 0.076389 0.078125
26 0.647569 0.754883 0.065972 0.076172
26 0.701389 0.739258 0.069444 0.076172
