26 0.203906 0.360938 0.134375 0.331250
26 0.349219 0.352344 0.270313 0.462500
26 0.253906 0.262109 0.300000 0.261719
26 0.260937 0.400000 0.134375 0.460938
26 0.388672 0.443750 0.405469 0.507812
26 0.328516 0.286328 0.303906 0.399219
26 0.379687 0.277734 0.515625 0.371094
26 0.225781 0.288281 0.121875 0.321875
26 0.497656 0.289062 0.584375 0.382812
26 0.138672 0.259375 0.091406 0.307812
26 0.395703 0.232031 0.580469 0.310937
26 0.290625 0.460938 0.223438 0.512500
26 0.426172 0.356250 0.588281 0.478125
26 0.207422 0.273828 0.225781 0.416406
26 0.312109 0.233594 0.417969 0.315625
26 0.330078 0.202734 0.474219 0.249219
26 0.205469 0.387109 0.003125 0.421094
26 0.100000 0.333594 0.059375 0.475000
26 0.104297 0.379688 0.055469 0.565625
26 0.469531 0.264844 0.770313 0.410938
