26 0.342014 0.589844 0.065972 0.082031
26 0.277778 0.587891 0.076389 0.070312
26 0.409722 0.573242 0.062500 0.083984
26 0.468750 0.570312 0.055556 0.089844
26 0.526042 0.572266 0.059028 0.089844
26 0.578125 0.566406 0.059028 0.089844
26 0.633681 0.566406 0.065972 0.085938
26 0.689236 0.570312 0.065972 0.078125
26 0.741319 0.568359 0.059028 0.062500
26 0.776042 0.590820 0.052083 0.041016
26 0.265625 0.672852 0.045139 0.056641
26 0.307292 0.675293 0.059028 0.069336
26 0.378472 0.669922 0.062500 0.074219
26 0.425347 0.657227 0.059028 0.072266
26 0.477431 0.656250 0.059028 0.078125
26 0.531250 0.659668 0.062500 0.081055
26 0.583333 0.662109 0.062500 0.089844
26 0.640625 0.655273 0.059028 0.080078
26 0.691840 0.652344 0.064236 0.066406
26 0.751736 0.659180 0.059028 0.060547
26 0.795139 0.642090 0.048611 0.041992
26 0.399306 0.754883 0.076389 0.099609
26 0.463542 0.754883 0.072917 0.091797
26 0.526042 0.759766 0.072917 0.085938
26 0.586806 0.758301 0.076389 0.079102
26 0.647569 0.750977 0.065972 0.076172
26 0.699653 0.732422 0.065972 0.078125
