26 0.155469 0.232422 0.000000 0.249219
26 0.392068 0.421970 0.134891 0.158548
26 0.170313 0.289062 0.101562 0.351562
26 0.203906 0.364453 0.009375 0.471094
26 0.189062 0.311328 0.028125 0.432031
26 0.221484 0.417578 0.036719 0.588281
26 0.289844 0.432422 0.093750 0.630469
26 0.258984 0.398828 0.191406 0.444531
26 0.294922 0.325000 0.182031 0.454688
26 0.217578 0.312500 0.133594 0.279687
26 0.551105 0.419473 0.259789 0.158548
26 0.658518 0.530582 0.154874 0.151058
26 0.513636 0.581767 0.164866 0.108612
26 0.676004 0.651053 0.226483 0.112357
26 0.519464 0.728455 0.193177 0.159797
26 0.671841 0.752799 0.138221 0.128586
