26 0.256641 0.394531 0.164844 0.271875
26 0.328516 0.389062 0.333594 0.273438
26 0.310156 0.269141 0.237500 0.174219
26 0.375000 0.362109 0.412500 0.246094
26 0.425391 0.334766 0.596094 0.261719
26 0.202344 0.253906 0.164062 0.293750
26 0.208203 0.216406 0.216406 0.190625
26 0.223828 0.215234 0.144531 0.105469
26 0.430469 0.206250 0.654687 0.218750
26 0.380469 0.230859 0.532813 0.213281
26 0.273438 0.169141 0.243750 0.180469
26 0.371094 0.202734 0.484375 0.003906
26 0.423047 0.168359 0.596094 0.110156
26 0.325000 0.151953 0.292187 0.125781
