26 0.394922 0.466016 0.222656 0.271094
26 0.444141 0.380469 0.350781 0.071875
26 0.566016 0.462109 0.603906 0.221094
26 0.360156 0.569531 0.128125 0.550000
26 0.191016 0.333203 0.117969 0.155469
26 0.517187 0.550781 0.475000 0.429688
26 0.348437 0.265234 0.128125 0.024219
26 0.245312 0.231250 0.139062 0.120312
26 0.162500 0.557422 0.101562 0.621094
26 0.462109 0.545703 0.413281 0.702344
26 0.287500 0.387891 0.045313 0.182031
26 0.405078 0.190234 0.213281 0.119531
26 0.237500 0.475000 0.017187 0.439063
26 0.505078 0.276172 0.458594 0.058594
26 0.525391 0.218750 0.832031 0.009375
26 0.514453 0.180469 0.550781 0.117188
26 0.124609 0.436719 0.080469 0.312500
26 0.546875 0.307422 0.718750 0.161719
