26 0.337891 0.541016 0.288281 0.524219
26 0.241016 0.500000 0.147656 0.535937
26 0.276953 0.453906 0.272656 0.376563
26 0.208984 0.401953 0.191406 0.407031
26 0.191406 0.389453 0.064063 0.294531
26 0.221094 0.307031 0.201563 0.256250
26 0.176563 0.269141 0.093750 0.174219
26 0.258984 0.255859 0.130469 0.030469
26 0.298047 0.210938 0.352344 0.148438
26 0.278516 0.150000 0.300781 0.031250
26 0.347656 0.243750 0.456250 0.193750
26 0.392188 0.448437 0.582812 0.201562
26 0.337500 0.166406 0.431250 0.021875
26 0.351562 0.324219 0.471875 0.287500
26 0.371875 0.434766 0.398437 0.400781
