26 0.359375 0.234375 0.281250 0.042969
26 0.348958 0.278320 0.295139 0.052734
26 0.357639 0.321777 0.347222 0.061523
26 0.338542 0.380371 0.350694 0.073242
26 0.328125 0.452148 0.343750 0.083984
26 0.263889 0.533203 0.284722 0.105469
26 0.581597 0.539062 0.267361 0.125000
26 0.666667 0.236816 0.340278 0.055664
26 0.656250 0.276367 0.319444 0.064453
26 0.671875 0.335938 0.315972 0.085938
26 0.626736 0.467773 0.260417 0.111328
26 0.611111 0.379395 0.222222 0.106445
26 0.897569 0.305176 0.184028 0.129883
