26 0.333333 0.254883 0.291667 0.115234
26 0.239583 0.517578 0.326389 0.089844
26 0.727431 0.154785 0.302083 0.122070
26 0.802083 0.237793 0.298611 0.108398
26 0.692708 0.287598 0.392361 0.098633
26 0.689236 0.362305 0.399306 0.083984
26 0.647569 0.435059 0.399306 0.116211
26 0.614583 0.539551 0.361111 0.083008
26 0.694444 0.675293 0.388889 0.096680
26 0.706597 0.759766 0.420139 0.093750
26 0.241319 0.604980 0.357639 0.081055
26 0.189236 0.760742 0.336806 0.166016
26 0.197917 0.434570 0.340278 0.095703
26 0.250000 0.365234 0.305556 0.085938
26 0.270833 0.299805 0.291667 0.076172
26 0.387153 0.174316 0.225694 0.086914
