26 0.253472 0.581055 0.062500 0.064453
26 0.281250 0.576172 0.118056 0.082031
26 0.458333 0.583984 0.055556 0.085938
26 0.508681 0.582031 0.059028 0.089844
26 0.562500 0.584961 0.055556 0.091797
26 0.614583 0.587891 0.062500 0.085938
26 0.664931 0.586914 0.065972 0.076172
26 0.706597 0.590820 0.052083 0.064453
26 0.755208 0.600586 0.052083 0.037109
26 0.286458 0.658203 0.052083 0.058594
26 0.430556 0.665039 0.062500 0.072266
26 0.482639 0.666016 0.062500 0.078125
26 0.540574 0.673286 0.064686 0.079210
26 0.590278 0.675094 0.062500 0.088469
26 0.649306 0.669922 0.062500 0.078125
26 0.708333 0.671875 0.062500 0.062500
26 0.762153 0.662109 0.059028 0.058594
26 0.706597 0.734375 0.059028 0.035156
26 0.647569 0.742188 0.059028 0.078125
26 0.597222 0.747559 0.069444 0.077148
26 0.472222 0.751953 0.069444 0.089844
26 0.411458 0.750000 0.072917 0.093750
26 0.534722 0.750000 0.076389 0.082031
