26 0.291667 0.583008 0.076389 0.068359
26 0.359375 0.583008 0.065972 0.080078
26 0.416667 0.571289 0.069444 0.083984
26 0.472222 0.571522 0.055556 0.083519
26 0.527778 0.571289 0.055556 0.091797
26 0.581597 0.566895 0.059028 0.090820
26 0.635417 0.570312 0.069444 0.085938
26 0.685764 0.577637 0.065972 0.077148
26 0.732639 0.576172 0.055556 0.062500
26 0.770833 0.590820 0.048611 0.041016
26 0.793403 0.647461 0.052083 0.041016
26 0.746528 0.662109 0.055556 0.058594
26 0.689236 0.652832 0.072917 0.063477
26 0.637153 0.656250 0.059028 0.078125
26 0.581597 0.662109 0.059028 0.089844
26 0.529514 0.659180 0.059028 0.083984
26 0.475694 0.653320 0.055556 0.080078
26 0.423611 0.653320 0.055556 0.072266
26 0.375000 0.665039 0.055556 0.076172
26 0.328125 0.658203 0.065972 0.070312
26 0.269097 0.658203 0.059028 0.058594
26 0.395833 0.750977 0.069444 0.099609
26 0.460069 0.746094 0.072917 0.093750
26 0.522569 0.745117 0.072917 0.087891
26 0.581597 0.743164 0.072917 0.080078
26 0.642361 0.738281 0.069444 0.078125
26 0.692708 0.734375 0.065972 0.078125
