26 0.416797 0.290234 0.566406 0.407031
26 0.366406 0.454297 0.379688 0.530469
26 0.265625 0.361328 0.315625 0.502344
26 0.344531 0.281250 0.315625 0.251563
26 0.221875 0.405859 0.157812 0.533594
26 0.208203 0.273047 0.072656 0.311719
26 0.371875 0.335938 0.412500 0.487500
26 0.303906 0.412109 0.201562 0.610156
26 0.226172 0.347266 0.130469 0.467969
26 0.239063 0.277734 0.275000 0.286719
26 0.442578 0.269531 0.444531 0.251563
26 0.432031 0.310937 0.642188 0.437500
26 0.491406 0.400781 0.482812 0.501563
26 0.441406 0.452734 0.556250 0.614844
