26 0.310764 0.572266 0.059028 0.066406
26 0.359375 0.578125 0.059028 0.078125
26 0.413194 0.579102 0.062500 0.083984
26 0.465278 0.581055 0.048611 0.087891
26 0.517361 0.574219 0.055556 0.089844
26 0.565972 0.576172 0.055556 0.089844
26 0.618056 0.584473 0.055556 0.083008
26 0.666667 0.588867 0.055556 0.076172
26 0.706597 0.590820 0.052083 0.064453
26 0.750000 0.596191 0.048611 0.036133
26 0.335069 0.658691 0.059028 0.067383
26 0.378472 0.663086 0.062500 0.072266
26 0.427083 0.667969 0.062500 0.070312
26 0.478395 0.665799 0.067901 0.081597
26 0.534722 0.664062 0.076389 0.078125
26 0.581597 0.659180 0.072917 0.076172
26 0.638889 0.663086 0.062500 0.072266
26 0.694444 0.662109 0.062500 0.066406
26 0.750000 0.658203 0.062500 0.058594
26 0.402778 0.745117 0.062500 0.099609
26 0.458333 0.746094 0.069444 0.085938
26 0.517361 0.748047 0.069444 0.093750
26 0.578125 0.749023 0.072917 0.087891
26 0.798611 0.655762 0.055556 0.038086
26 0.685764 0.734375 0.059028 0.078125
26 0.635417 0.744141 0.069444 0.082031
