26 0.347222 0.354980 0.222222 0.061523
26 0.329861 0.402832 0.222222 0.063477
26 0.333333 0.455566 0.250000 0.059570
26 0.317708 0.506836 0.246528 0.064453
26 0.314236 0.564941 0.232639 0.065430
26 0.270833 0.623535 0.187500 0.071289
26 0.470486 0.647949 0.184028 0.077148
26 0.555556 0.450195 0.215278 0.087891
26 0.505208 0.514648 0.156250 0.095703
26 0.503472 0.585938 0.173611 0.085938
26 0.637153 0.297363 0.190972 0.090820
26 0.772569 0.351562 0.246528 0.066406
26 0.626736 0.383789 0.225694 0.083984
