26 0.755208 0.594727 0.052083 0.037109
26 0.711806 0.590820 0.048611 0.064453
26 0.670139 0.587891 0.055556 0.078125
26 0.619792 0.581055 0.059028 0.083984
26 0.569444 0.573730 0.055556 0.088867
26 0.519097 0.573242 0.052083 0.087891
26 0.465278 0.579102 0.055556 0.087891
26 0.411458 0.579102 0.065972 0.083984
26 0.359375 0.575684 0.059028 0.077148
26 0.309028 0.571289 0.055556 0.068359
26 0.255208 0.643555 0.059028 0.056641
26 0.378472 0.663086 0.062500 0.076172
26 0.317708 0.648438 0.072917 0.066406
26 0.440972 0.659180 0.062500 0.072266
26 0.496528 0.663086 0.062500 0.076172
26 0.600694 0.671875 0.062500 0.085938
26 0.657986 0.666992 0.059028 0.076172
26 0.710069 0.664551 0.065972 0.059570
26 0.770833 0.661133 0.055556 0.056641
26 0.550347 0.663086 0.065972 0.080078
26 0.737847 0.737305 0.065972 0.033203
26 0.680556 0.744141 0.069444 0.082031
26 0.630208 0.747070 0.072917 0.080078
26 0.576389 0.750000 0.076389 0.085938
26 0.517361 0.748047 0.069444 0.093750
26 0.460069 0.743164 0.072917 0.091797
26 0.402778 0.750000 0.062500 0.101562
