26 0.267361 0.581543 0.069444 0.065430
26 0.321181 0.579590 0.072917 0.081055
26 0.380208 0.583984 0.059028 0.082031
26 0.434028 0.578125 0.055556 0.089844
26 0.480903 0.584961 0.052083 0.087891
26 0.527778 0.573242 0.055556 0.091797
26 0.588542 0.583008 0.065972 0.087891
26 0.640625 0.576660 0.065972 0.075195
26 0.753472 0.596680 0.048611 0.033203
26 0.710069 0.591797 0.059028 0.066406
26 0.281250 0.652344 0.055556 0.058594
26 0.328125 0.663086 0.052083 0.072266
26 0.375000 0.660156 0.055556 0.074219
26 0.421875 0.663086 0.059028 0.072266
26 0.583333 0.666016 0.062500 0.078125
26 0.529514 0.665039 0.059028 0.080078
26 0.477431 0.673828 0.059028 0.082031
26 0.638889 0.655273 0.062500 0.068359
26 0.326389 0.749023 0.118056 0.099609
26 0.413194 0.750000 0.076389 0.093750
26 0.467014 0.757812 0.072917 0.085938
26 0.529514 0.762695 0.072917 0.080078
26 0.595486 0.750000 0.065972 0.078125
26 0.720486 0.679199 0.065972 0.061523
26 0.767361 0.659668 0.062500 0.057617
26 0.713542 0.734375 0.045139 0.035156
