26 0.307292 0.597656 0.059028 0.070312
26 0.354167 0.582031 0.062500 0.078125
26 0.409722 0.583984 0.069444 0.082031
26 0.460069 0.586914 0.072917 0.083984
26 0.506944 0.586914 0.076389 0.087891
26 0.559028 0.590820 0.076389 0.091797
26 0.607639 0.584473 0.069444 0.086914
26 0.657986 0.584473 0.059028 0.075195
26 0.704861 0.598633 0.048611 0.064453
26 0.748264 0.605469 0.052083 0.031250
26 0.286458 0.661133 0.052083 0.056641
26 0.333333 0.664062 0.048611 0.070312
26 0.380208 0.662598 0.052083 0.071289
26 0.427083 0.666016 0.055556 0.070312
26 0.475694 0.672852 0.062500 0.080078
26 0.532986 0.674805 0.059028 0.076172
26 0.585069 0.671875 0.059028 0.074219
26 0.638889 0.666992 0.062500 0.076172
26 0.690972 0.668945 0.069444 0.068359
26 0.395833 0.752930 0.083333 0.103516
26 0.449653 0.750977 0.072917 0.091797
26 0.510417 0.756836 0.062500 0.091797
26 0.569444 0.755859 0.069444 0.085938
26 0.623264 0.749023 0.065972 0.076172
26 0.673611 0.743164 0.055556 0.076172
