26 0.127801 0.767013 0.144998 0.114638
26 0.192013 0.652853 0.163618 0.130652
26 0.271116 0.844746 0.127946 0.061243
26 0.333647 0.755945 0.186684 0.132693
26 0.401462 0.833337 0.132745 0.058837
26 0.534208 0.805524 0.149084 0.088952
26 0.667638 0.791669 0.130030 0.093905
26 0.819778 0.734596 0.133434 0.077748
26 0.232976 0.514035 0.077605 0.118402
26 0.320793 0.546698 0.151125 0.142900
26 0.314705 0.628354 0.147121 0.130652
26 0.519679 0.723281 0.165889 0.112277
26 0.466813 0.603857 0.144998 0.122486
26 0.396355 0.462867 0.130704 0.146716
26 0.806847 0.617127 0.163380 0.116361
26 0.793193 0.508932 0.123818 0.136775
26 0.682181 0.687556 0.146863 0.126570
26 0.677164 0.581402 0.145000 0.142900
26 0.763842 0.409922 0.146805 0.159230
26 0.526039 0.407499 0.214436 0.170716
26 0.321854 0.426254 0.132825 0.126568
26 0.416779 0.349701 0.138871 0.108195
26 0.592412 0.361949 0.224648 0.140859
26 0.562504 0.599879 0.095398 0.122693
