26 0.508681 0.591797 0.059028 0.089844
26 0.562500 0.594727 0.055556 0.091797
26 0.619792 0.583984 0.072917 0.085938
26 0.673611 0.584961 0.055556 0.076172
26 0.717014 0.597656 0.045139 0.062500
26 0.760417 0.603516 0.048611 0.031250
26 0.755208 0.669922 0.072917 0.058594
26 0.696181 0.669922 0.065972 0.070312
26 0.640625 0.666992 0.065972 0.076172
26 0.588542 0.672852 0.059028 0.076172
26 0.532986 0.674805 0.059028 0.076172
26 0.475694 0.672852 0.062500 0.080078
26 0.427083 0.666992 0.055556 0.072266
26 0.373264 0.667969 0.059028 0.074219
26 0.326389 0.666016 0.048611 0.070312
26 0.281250 0.662109 0.048611 0.054688
26 0.395833 0.753906 0.083333 0.101562
26 0.449653 0.750977 0.072917 0.091797
26 0.510417 0.756836 0.062500 0.091797
26 0.569444 0.755859 0.069444 0.085938
26 0.623264 0.749023 0.065972 0.076172
26 0.675347 0.744141 0.052083 0.078125
26 0.723958 0.732422 0.052083 0.035156
