26 0.418359 0.370703 0.544531 0.477344
26 0.419141 0.296875 0.574219 0.340625
26 0.393359 0.228906 0.527344 0.271875
26 0.356641 0.182812 0.516406 0.237500
26 0.230859 0.219922 0.266406 0.177344
26 0.271875 0.216016 0.353125 0.207031
26 0.305469 0.189453 0.439063 0.253906
26 0.215234 0.250000 0.175781 0.285937
26 0.271484 0.255469 0.296094 0.306250
26 0.347656 0.247266 0.406250 0.289844
26 0.195312 0.297656 0.171875 0.368750
26 0.291406 0.317578 0.293750 0.380469
26 0.321484 0.323437 0.422656 0.370312
26 0.367578 0.304297 0.469531 0.335156
26 0.344922 0.406641 0.474219 0.477344
26 0.297656 0.411719 0.382812 0.454687
