26 0.708984 0.862847 0.164062 0.225694
26 0.858398 0.678819 0.251953 0.218750
26 0.649414 0.750868 0.177734 0.210069
26 0.637695 0.644097 0.193359 0.184028
26 0.596680 0.552951 0.166016 0.175347
26 0.577148 0.473958 0.193359 0.170139
26 0.816406 0.529514 0.238281 0.184028
26 0.775391 0.419271 0.226562 0.151042
26 0.724609 0.330729 0.207031 0.098958
26 0.510742 0.953125 0.212891 0.093750
26 0.470703 0.879340 0.253906 0.237847
26 0.434570 0.734375 0.244141 0.253472
26 0.399414 0.640625 0.240234 0.232639
26 0.368164 0.544271 0.240234 0.241319
26 0.342773 0.454861 0.232422 0.215278
26 0.522461 0.309028 0.201172 0.118056
26 0.555664 0.380208 0.205078 0.156250
