26 0.282986 0.581055 0.086806 0.068359
26 0.357639 0.583984 0.062500 0.082031
26 0.414931 0.573242 0.065972 0.083984
26 0.472222 0.568359 0.055556 0.089844
26 0.526042 0.571289 0.059028 0.091797
26 0.579861 0.567383 0.062500 0.091797
26 0.635417 0.570312 0.069444 0.085938
26 0.685764 0.578125 0.065972 0.078125
26 0.730903 0.578125 0.059028 0.062500
26 0.770833 0.590820 0.048611 0.041016
26 0.265625 0.649414 0.059028 0.056641
26 0.312500 0.660156 0.055556 0.070312
26 0.366319 0.667969 0.052083 0.078125
26 0.416667 0.656250 0.062500 0.074219
26 0.470486 0.654297 0.059028 0.078125
26 0.524306 0.658691 0.062500 0.083008
26 0.576389 0.662109 0.062500 0.089844
26 0.633681 0.655273 0.059028 0.080078
26 0.685764 0.653320 0.072917 0.064453
26 0.744792 0.660645 0.059028 0.059570
26 0.793403 0.647461 0.052083 0.044922
26 0.394097 0.750977 0.065972 0.099609
26 0.456597 0.752930 0.072917 0.091797
26 0.515625 0.757812 0.065972 0.085938
26 0.572917 0.754883 0.069444 0.080078
26 0.633681 0.751953 0.065972 0.078125
26 0.684028 0.734375 0.055556 0.078125
