26 0.286458 0.581055 0.086806 0.068359
26 0.359375 0.583008 0.065972 0.080078
26 0.414931 0.571289 0.065972 0.083984
26 0.472222 0.568359 0.055556 0.089844
26 0.527778 0.571289 0.055556 0.091797
26 0.581597 0.566406 0.059028 0.089844
26 0.635417 0.568359 0.069444 0.085938
26 0.685764 0.577148 0.065972 0.076172
26 0.734375 0.576172 0.059028 0.062500
26 0.770833 0.590820 0.048611 0.041016
26 0.792535 0.648438 0.050347 0.042969
26 0.746528 0.661621 0.055556 0.057617
26 0.690972 0.652832 0.069444 0.063477
26 0.637153 0.656250 0.059028 0.078125
26 0.581597 0.661133 0.059028 0.087891
26 0.529514 0.659180 0.059028 0.083984
26 0.475694 0.652832 0.055556 0.079102
26 0.423611 0.653320 0.055556 0.072266
26 0.376736 0.665039 0.059028 0.076172
26 0.324653 0.658203 0.065972 0.070312
26 0.267361 0.658203 0.055556 0.058594
26 0.395833 0.750977 0.069444 0.099609
26 0.460069 0.746094 0.072917 0.093750
26 0.522569 0.743652 0.072917 0.088867
26 0.581597 0.743164 0.072917 0.080078
26 0.642361 0.738281 0.069444 0.078125
26 0.692708 0.734375 0.065972 0.078125
