26 0.511719 0.450391 0.598437 0.542969
26 0.424219 0.328516 0.545313 0.492969
26 0.347656 0.292969 0.429688 0.435938
26 0.314063 0.360156 0.106250 0.493750
26 0.372266 0.270703 0.482031 0.341406
26 0.164844 0.435156 0.092188 0.534375
26 0.497656 0.392969 0.665625 0.457812
26 0.380859 0.409766 0.427344 0.552344
26 0.271094 0.522656 0.131250 0.529687
26 0.326953 0.474219 0.321094 0.589063
26 0.284766 0.255859 0.357031 0.349219
26 0.498438 0.287109 0.618750 0.382031
26 0.283594 0.307422 0.276562 0.441406
26 0.259375 0.276172 0.184375 0.383594
26 0.479297 0.237500 0.671094 0.289062
26 0.503125 0.297656 0.525000 0.207812
26 0.379297 0.430078 0.578906 0.638281
26 0.373828 0.222266 0.414844 0.255469
26 0.248828 0.221094 0.316406 0.262500
26 0.399219 0.235547 0.606250 0.300781
26 0.358203 0.485937 0.341406 0.725000
26 0.333594 0.308594 0.456250 0.490625
26 0.326562 0.328906 0.503125 0.551563
26 0.271875 0.349609 0.351562 0.532031
