26 0.863281 0.897569 0.253906 0.204861
26 0.806641 0.796007 0.253906 0.244792
26 0.728516 0.673611 0.261719 0.298611
26 0.674805 0.530382 0.240234 0.185764
26 0.639648 0.449653 0.283203 0.232639
26 0.591797 0.332465 0.238281 0.171875
26 0.475586 0.846354 0.333984 0.303819
26 0.434570 0.758681 0.357422 0.399306
26 0.363281 0.613715 0.292969 0.394097
26 0.324219 0.525174 0.304688 0.348958
26 0.294434 0.407118 0.311523 0.355903
26 0.239258 0.368924 0.302734 0.300347
26 0.920898 0.540799 0.158203 0.289931
26 0.886719 0.432292 0.226562 0.260417
26 0.174805 0.285590 0.201172 0.217014
26 0.500977 0.243056 0.263672 0.229167
