26 0.132140 0.403930 0.244434 0.211727
26 0.247452 0.613993 0.284483 0.265080
26 0.428362 0.810177 0.331436 0.352853
26 0.337217 0.366733 0.215434 0.234033
26 0.227427 0.231328 0.211290 0.186823
26 0.360586 0.144687 0.226696 0.203393
26 0.488164 0.537303 0.236688 0.298420
26 0.471171 0.272555 0.193337 0.205723
26 0.628605 0.166085 0.226481 0.156163
26 0.506291 0.084668 0.228052 0.166717
26 0.755655 0.276392 0.204387 0.213397
26 0.620750 0.385592 0.225616 0.238403
26 0.625152 0.693025 0.208530 0.323117
26 0.766456 0.548973 0.240785 0.251740
26 0.882017 0.396532 0.200243 0.203603
