26 0.277778 0.586914 0.076389 0.068359
26 0.343750 0.590820 0.069444 0.080078
26 0.411458 0.574219 0.065972 0.082031
26 0.468750 0.570312 0.055556 0.089844
26 0.526042 0.572266 0.059028 0.089844
26 0.578125 0.566406 0.059028 0.089844
26 0.633681 0.567871 0.065972 0.084961
26 0.689236 0.572266 0.065972 0.078125
26 0.737847 0.569336 0.059028 0.064453
26 0.777778 0.590820 0.048611 0.041016
26 0.262153 0.672852 0.059028 0.056641
26 0.309028 0.675293 0.062500 0.069336
26 0.378472 0.670898 0.062500 0.076172
26 0.425347 0.656738 0.059028 0.071289
26 0.477431 0.656250 0.059028 0.078125
26 0.531250 0.659668 0.062500 0.081055
26 0.583333 0.662109 0.062500 0.089844
26 0.640625 0.655273 0.059028 0.080078
26 0.692708 0.652344 0.065972 0.066406
26 0.751736 0.659180 0.059028 0.060547
26 0.795139 0.643555 0.048611 0.041016
26 0.399306 0.754883 0.076389 0.099609
26 0.463542 0.754883 0.072917 0.091797
26 0.586806 0.758789 0.076389 0.080078
26 0.527778 0.759766 0.069444 0.085938
26 0.647569 0.750977 0.065972 0.076172
26 0.699653 0.732422 0.065972 0.078125
