26 0.697917 0.209473 0.319444 0.110352
26 0.670139 0.283203 0.333333 0.113281
26 0.633681 0.362793 0.440972 0.081055
26 0.684028 0.453125 0.437500 0.074219
26 0.604167 0.526367 0.444444 0.091797
26 0.607639 0.607422 0.395833 0.105469
26 0.692708 0.682617 0.413194 0.095703
26 0.732639 0.801270 0.437500 0.137695
26 0.286458 0.665527 0.364583 0.147461
26 0.213542 0.553711 0.364583 0.095703
26 0.321181 0.159180 0.309028 0.134766
26 0.276042 0.208008 0.288194 0.080078
26 0.348958 0.278320 0.239583 0.083984
26 0.253472 0.339844 0.319444 0.093750
26 0.243056 0.409180 0.361111 0.111328
26 0.182292 0.459473 0.364583 0.106445
