28 0.239500 0.435000 0.479000 0.424001
28 0.127500 0.494000 0.073000 0.072000
28 0.255500 0.722500 0.297000 0.159000
28 0.299000 0.642500 0.268000 0.071000
28 0.379000 0.853500 0.246000 0.520999
28 0.504500 0.734500 0.101000 0.357000
28 0.651500 0.478500 0.089000 0.208999
28 0.898500 0.436500 0.343000 0.093000
28 0.810500 0.805000 0.139000 0.362000
28 0.834500 0.317000 0.169000 0.076000
28 0.872500 0.755000 0.151000 0.176000
28 0.910500 0.605500 0.215000 0.195000
28 0.952500 0.966500 0.211000 0.403000
28 0.956000 0.559000 0.178000 0.134000
