25 0.1359375 0.8109375 0.21015625 0.3546875
25 0.346875 0.79453125 0.19765625 0.38515625
25 0.5578125 0.80390625 0.20390625 0.37578125
25 0.7875 0.7765625 0.23125 0.4015625
25 0.315625 0.221875 0.225 0.3265625
25 0.5546875 0.221875 0.2171875 0.3265625
25 0.78203125 0.18046875 0.2421875 0.27890625
25 0.8875 0.43046875 0.225 0.26640625
25 0.67421875 0.49921875 0.23984375 0.328125
25 0.43359375 0.53203125 0.2484375 0.37578125
25 0.2171875 0.50625 0.25234375 0.37734375
25 0.0921875 0.1890625 0.184375 0.275
25 0.06328125 0.52109375 0.1265625 0.33046875
