7 0.421875 0.4 0.1265625 0.109375
7 0.35 0.5390625 0.11875 0.1265625
7 0.309375 0.6140625 0.115625 0.0984375
7 0.2453125 0.5421875 0.1078125 0.0921875
7 0.2 0.6 0.115625 0.0890625
7 0.2515625 0.7015625 0.1203125 0.103125
7 0.3671875 0.7234375 0.1125 0.103125
7 0.465625 0.6484375 0.0984375 0.0921875
7 0.5859375 0.6578125 0.096875 0.1109375
7 0.621875 0.7078125 0.0984375 0.1109375
7 0.725 0.6890625 0.103125 0.1125
7 0.759375 0.5890625 0.0859375 0.0953125
7 0.8265625 0.603125 0.115625 0.109375
7 0.534375 0.378125 0.109375 0.103125
