7 0.45 0.6125 0.158984375 0.147265625
7 0.371875 0.4609375 0.137890625 0.14765625
7 0.3296875 0.38125 0.140234375 0.125390625
7 0.259375 0.4578125 0.131640625 0.119140625
7 0.2109375 0.396875 0.134375 0.112109375
7 0.265625 0.2875 0.14453125 0.130859375
7 0.390625 0.2625 0.140625 0.133984375
7 0.4984375 0.34375 0.12265625 0.118359375
7 0.6265625 0.3328125 0.10859375 0.121875
7 0.665625 0.28125 0.119140625 0.130859375
7 0.7765625 0.3 0.13515625 0.14296875
7 0.8125 0.409375 0.109765625 0.115625
7 0.8875 0.3921875 0.128125 0.122265625
7 0.571875 0.6359375 0.12421875 0.116015625
