30 0.41484375 0.2078125 0.09375 0.0984375
30 0.08359375 0.4484375 0.134375 0.115625
30 0.4109375 0.45390625 0.153125 0.09375
30 0.6015625 0.7953125 0.15625 0.159375
30 0.66171875 0.4015625 0.10625 0.0875
30 0.69453125 0.50546875 0.1375 0.0984375
30 0.88359375 0.38828125 0.15 0.125
30 0.6546875 0.653125 0.1171875 0.1203125
30 0.57421875 0.196875 0.0953125 0.065625
30 0.6765625 0.1859375 0.09375 0.0609375
30 0.51640625 0.303125 0.0875 0.0765625
30 0.1328125 0.03515625 0.0546875 0.065625
30 0.22734375 0.02734375 0.0578125 0.05
30 0.784375 0.02421875 0.0875 0.0484375
