30 0.41484375 0.2078125 0.0953125 0.09609375
30 0.084375 0.44921875 0.13515625 0.1171875
30 0.41171875 0.45234375 0.1546875 0.09140625
30 0.6015625 0.79453125 0.15703125 0.16015625
30 0.66171875 0.40078125 0.10546875 0.0890625
30 0.6953125 0.5046875 0.13671875 0.0984375
30 0.8828125 0.3890625 0.14921875 0.12578125
30 0.6546875 0.65234375 0.1171875 0.11796875
30 0.5734375 0.196875 0.09609375 0.06640625
30 0.67578125 0.18671875 0.09609375 0.06171875
30 0.515625 0.3046875 0.08828125 0.07890625
30 0.13359375 0.03515625 0.05546875 0.06640625
30 0.22734375 0.0265625 0.06015625 0.0484375
30 0.78203125 0.021875 0.0875 0.04375
