30 0.73359375 0.1328125 0.190625 0.1625
30 0.9796875 0.41328125 0.040625 0.28125
30 0.9671875 0.0984375 0.065625 0.196875
30 0.8109375 0.415625 0.19375 0.2640625
30 0.62578125 0.35078125 0.16640625 0.22578125
30 0.66484375 0.48671875 0.190625 0.24453125
30 0.63828125 0.6171875 0.24609375 0.30546875
30 0.371875 0.66875 0.2484375 0.3328125
30 0.47734375 0.37421875 0.1421875 0.2734375
30 0.3578125 0.39765625 0.228125 0.34296875
30 0.19140625 0.50234375 0.1859375 0.2984375
30 0.04140625 0.871875 0.0828125 0.25625
30 0.253125 0.2671875 0.2328125 0.23125
