30 0.09609375 0.0515625 0.1921875 0.103125
30 0.075 0.31640625 0.1484375 0.54296875
30 0.28671875 0.23828125 0.3578125 0.4765625
30 0.534375 0.5078125 0.55390625 0.70078125
30 0.0453125 0.69140625 0.08984375 0.51328125
30 0.190625 0.89296875 0.38125 0.2140625
30 0.5375 0.90390625 0.44765625 0.19140625
30 0.790625 0.75703125 0.196875 0.36171875
30 0.7671875 0.1140625 0.43828125 0.228125
30 0.46953125 0.08984375 0.16328125 0.1796875
30 0.86796875 0.540625 0.18359375 0.36015625
30 0.25546875 0.67890625 0.25234375 0.378125
30 0.15 0.571875 0.15625 0.3375
