31 0.226471 0.772549 0.190196 0.192157
31 0.221569 0.964706 0.156863 0.156863
31 0.260785 0.294118 0.172549 0.152941
31 0.260785 0.598039 0.172549 0.160783
31 0.270589 0.434314 0.164706 0.150980
31 0.400981 0.958823 0.178432 0.184314
31 0.418628 0.764705 0.170588 0.176471
31 0.422549 0.442157 0.150980 0.139216
31 0.417647 0.294118 0.137255 0.160783
31 0.436275 0.595099 0.158824 0.150980
31 0.561765 0.282353 0.170588 0.176471
31 0.595098 0.467647 0.174509 0.154902
31 0.602941 0.641176 0.186274 0.176471
31 0.603922 0.998039 0.184313 0.184314
31 0.608823 0.829412 0.170588 0.164706
31 0.746078 0.292157 0.186274 0.188234
31 0.777451 0.804902 0.190196 0.190196
31 0.790196 0.621568 0.192157 0.176471
31 0.769607 0.454901 0.131372 0.149020
31 0.921568 0.307843 0.180392 0.176470
31 0.925490 0.465686 0.164706 0.162745
31 0.951961 0.986275 0.158824 0.149020
31 0.966667 0.634313 0.180392 0.190196
31 0.968627 0.816667 0.156863 0.170588
