31 0.316250 0.947500 0.482499 0.120000
31 0.336250 0.843750 0.472499 0.107501
31 0.328750 0.772500 0.452501 0.070001
31 0.355000 0.617500 0.434998 0.110000
31 0.351250 0.701250 0.407499 0.107501
31 0.303750 0.297500 0.112501 0.095000
31 0.326250 0.475000 0.142499 0.090000
31 0.327500 0.401250 0.145000 0.092501
31 0.368750 0.230000 0.147501 0.085000
31 0.413750 0.316250 0.117499 0.072500
31 0.473750 0.433750 0.152501 0.067500
31 0.485000 0.517500 0.130000 0.079999
31 0.498750 0.371250 0.157501 0.082500
31 0.508750 0.278750 0.117501 0.072500
31 0.563750 0.460000 0.097499 0.140000
31 0.593750 0.260000 0.107499 0.120000
31 0.626250 0.382500 0.102501 0.124999
31 0.662499 0.463750 0.100000 0.092500
