31 0.285000 0.411306 0.174000 0.124942
31 0.292500 0.825112 0.143000 0.116945
31 0.323500 0.292362 0.197000 0.120943
31 0.377500 0.359831 0.153000 0.137935
31 0.381000 0.813617 0.156000 0.147931
31 0.401000 0.722660 0.102000 0.149930
31 0.481000 0.735154 0.184000 0.144931
31 0.509500 0.822113 0.119000 0.044979
31 0.599000 0.065969 0.146000 0.117945
31 0.650000 0.986036 0.232000 0.150929
31 0.633000 0.121443 0.180000 0.118945
31 0.628500 0.768639 0.131000 0.175917
31 0.654000 0.158425 0.154000 0.122942
31 0.676000 0.416305 0.152000 0.146931
31 0.937000 0.941557 0.184000 0.201905
31 0.936000 0.330345 0.148000 0.142933
