31 0.941176 0.848366 0.339869 0.551634
31 0.079738 0.504575 0.159477 0.219608
31 0.105882 0.075817 0.206536 0.125490
31 0.112418 0.756863 0.209150 0.258824
31 0.067974 0.192157 0.099346 0.159478
31 0.220915 0.308497 0.326797 0.162091
31 0.256209 0.152942 0.235294 0.138562
31 0.332026 0.477124 0.345098 0.185621
31 0.332026 0.070588 0.250981 0.109803
31 0.579085 0.711111 0.467974 0.324184
31 0.525490 0.185621 0.266667 0.125491
31 0.585621 0.298039 0.324182 0.162091
31 0.576470 0.082353 0.243136 0.122875
31 0.660130 0.458823 0.253595 0.201307
31 0.742484 0.058823 0.109803 0.107189
31 0.749020 0.166014 0.122875 0.133333
31 0.900654 0.135948 0.185621 0.214379
31 0.938562 0.414379 0.261438 0.352941
