31 0.064500 0.350021 0.129000 0.084005
31 0.077500 0.409024 0.155000 0.098005
31 0.096500 0.600535 0.187000 0.113007
31 0.146000 0.297517 0.166000 0.117006
31 0.160000 0.720042 0.170000 0.164009
31 0.274000 0.226513 0.156000 0.127008
31 0.295000 0.603536 0.160000 0.139008
31 0.288500 0.138508 0.135000 0.107006
31 0.308000 0.349020 0.170000 0.168010
31 0.329500 0.469528 0.209000 0.137008
31 0.348000 0.847550 0.218000 0.115007
31 0.322500 0.077505 0.121000 0.117008
31 0.381500 0.724543 0.183000 0.151010
31 0.386000 0.202012 0.178000 0.074004
31 0.408000 0.589535 0.166000 0.193011
31 0.428000 0.344020 0.180000 0.150008
31 0.469000 0.154509 0.180000 0.135008
31 0.511000 0.856551 0.142000 0.125007
31 0.542500 0.270516 0.131000 0.121007
31 0.570000 0.143509 0.088000 0.117008
31 0.614500 0.541032 0.151000 0.194012
31 0.638000 0.228513 0.138000 0.123007
31 0.707000 0.767045 0.214000 0.190011
31 0.704500 0.195511 0.197000 0.139008
31 0.769500 0.633537 0.207000 0.195012
31 0.764000 0.428526 0.156000 0.133008
31 0.778500 0.282517 0.103000 0.133008
31 0.888000 0.324019 0.162000 0.150008
31 0.890500 0.403523 0.125000 0.133008
31 0.970000 0.503030 0.170000 0.176010
