31 0.262000 0.509590 0.176000 0.137025
31 0.259000 0.452079 0.154000 0.072013
31 0.254500 0.394069 0.125000 0.074013
31 0.304500 0.585603 0.217000 0.175030
31 0.286500 0.337559 0.103000 0.071012
31 0.318000 0.294552 0.100000 0.075014
31 0.376500 0.626610 0.209000 0.203036
31 0.364000 0.248544 0.074000 0.061011
31 0.443000 0.681120 0.204000 0.214037
31 0.429000 0.198035 0.068000 0.064012
31 0.492500 0.181032 0.063000 0.066011
31 0.551000 0.710625 0.176000 0.215037
31 0.671000 0.705624 0.182000 0.217038
31 0.671000 0.153027 0.068000 0.052009
31 0.714000 0.151027 0.104000 0.080015
31 0.769000 0.683120 0.158000 0.210036
31 0.813500 0.171530 0.123000 0.067011
31 0.844000 0.647114 0.180000 0.216037
31 0.844000 0.189034 0.152000 0.082014
31 0.902500 0.220039 0.149000 0.090016
31 0.927000 0.608607 0.182000 0.207035
31 0.947500 0.255044 0.153000 0.082014
31 0.966000 0.516091 0.190000 0.186032
31 0.968000 0.314055 0.190000 0.102019
31 0.983500 0.456580 0.177000 0.153026
31 0.988500 0.384567 0.175000 0.121021
