1 0.44765625 0.46484375 0.1703125 0.1640625
1 0.61953125 0.46484375 0.1375 0.1421875
1 0.78828125 0.44296875 0.134375 0.1421875
1 0.43671875 0.19140625 0.15546875 0.153125
1 0.26640625 0.196875 0.1484375 0.1421875
1 0.0921875 0.2046875 0.17734375 0.15859375
1 0.1796875 0.34453125 0.18515625 0.153125
1 0.3546875 0.328125 0.15234375 0.13125
1 0.52890625 0.32265625 0.15234375 0.13125
1 0.59609375 0.175 0.1703125 0.13125
1 0.6953125 0.3171875 0.159375 0.1421875
1 0.7703125 0.17734375 0.15546875 0.12578125
1 0.86796875 0.31171875 0.16328125 0.175
1 0.89296875 0.58984375 0.16328125 0.175
1 0.725 0.5875 0.17421875 0.16953125
1 0.55234375 0.609375 0.16328125 0.14765625
1 0.35703125 0.61171875 0.1703125 0.153125
1 0.28046875 0.47265625 0.16328125 0.15859375
1 0.090625 0.4703125 0.17421875 0.1421875
1 0.17734375 0.62265625 0.17421875 0.1421875
1 0.08515625 0.75703125 0.16328125 0.14765625
1 0.2703125 0.7625 0.18515625 0.14765625
1 0.45625 0.7375 0.17421875 0.1421875
1 0.6484375 0.73203125 0.1453125 0.153125
1 0.8171875 0.73203125 0.1703125 0.1640625
