1 0.146875 0.44921875 0.22734375 0.29453125
1 0.334375 0.3796875 0.19140625 0.24296875
1 0.1546875 0.209375 0.196875 0.2125
1 0.25859375 0.70078125 0.240625 0.340625
1 0.4640625 0.59921875 0.209375 0.259375
1 0.6375 0.51640625 0.221875 0.25
1 0.51328125 0.28828125 0.1984375 0.246875
1 0.334375 0.14765625 0.15 0.23203125
1 0.80703125 0.40625 0.20625 0.24609375
1 0.6703125 0.19921875 0.19609375 0.20703125
1 0.48828125 0.86796875 0.2484375 0.26328125
1 0.6796875 0.80078125 0.24296875 0.31328125
1 0.8703125 0.66640625 0.21640625 0.31015625
1 0.9 0.90078125 0.2 0.17265625
1 0.5 0.084375 0.17578125 0.1625
