1 0.2390625 0.7265625 0.22421875 0.29921875
1 0.44375 0.61328125 0.20859375 0.2375
1 0.63515625 0.53125 0.228125 0.24765625
1 0.1296875 0.4328125 0.24296875 0.24765625
1 0.3515625 0.36875 0.20859375 0.25234375
1 0.51953125 0.28828125 0.2046875 0.20625
1 0.6796875 0.19609375 0.20078125 0.20625
1 0.15625 0.20625 0.196875 0.20625
1 0.33984375 0.14140625 0.16953125 0.21171875
1 0.4921875 0.87109375 0.25078125 0.2578125
1 0.67734375 0.8015625 0.228125 0.30390625
1 0.8609375 0.67265625 0.22421875 0.28359375
1 0.5015625 0.09765625 0.18515625 0.1859375
